"","DIETS","phytoplankton","infauna","amphipods","epibenthic","micro-zoop","copepods","euphausiids","carniv-zoops","small jellies","large jellies","pandalid shp","benthic shp","Dungeness","tanner crb","mesopelagics","Benthic fish","surf perch","Other cephal.","Market squid","Sardine","Anchovy","Herring","Pacific Mackerel","Sandlance","White bait smelt","Other smelt","Saury","Juv. rock.","Juv. hake","Juv. flat.","Juv. round.","Juv. thorny.","Yellowtail rock.","Black rock.","Nearshore rock.","Yelloweye rock.","Greenstriped","Shelf rock.","Shortbelly","Petrale sole","Halibut","Hake","Lingcod","Arrowtooth","Sablefish","Albacore","Salmon","Grenadiers","Dogfish","Canary rock.","P. Ocean Perch","Widow rock.","Splitnose rock.","Slope rock.","Shortspine thorny.","Longspine thorny.","Flatfish","Skates","Sharks","Common murre","Cassin's auklet","Rhino. auklet","Tufted Puffin","Cali. gull","Western Gull","Kittiwake","Albatross","Fulmar","Shearwater","Leach's S. Petrel","Transient Orcas","Resident Orcas","Porpoises","Humpback whale","Minke whale","Fin whale","Sperm whale","Harbor seals","Sea Lions","Juv. Ele. Seal","Adult N. Ele. Seal","Fur seals","Blue whale","Gray whale","Dolphins","Brandt's corm.","Double corm.","Pelagic cormorant","Murrelet","Pigeon Guillemot","Caspian tern","Brown Pelican"
"1","phytoplankton","phytoplankton","phytoplankton","phytoplankton","0","0","0.168572795381593","0","0.76230221795072","0.838575450227618","0.921702760586296","0.0365246151410486","0.54296012696955","0","0","0","0","0","0","0","0","0","0","0.24388435857644","0.300767381159978","0","0","0","0","0","0","0","0","0","0","0","0","0","0","0","0","0","0","0","0","0","0","0","0","0","0","0","0","0","0","0","0","0","0","0","0","0","0","0","0","0","0","0","0","0","0","0","0","0","0","0","0","0","0","0","0","0","0","0","0","0","0","0","0","0","0","0","0"
"2","infauna","infauna","infauna","infauna","0","0","0","0.483968081021468","0","0","0","0","0","0","0.244252675344943","0.339954863379163","0.384820065056498","0.747521709677082","0","0.297218912412647","0.435214509940752","0","0","0.00167523187426022","0","0","0","0","0.0509636238866284","0.00363718466835206","0","0.0131146611253458","0","0.492811375497467","0","0","0","0","0.0256539446098212","0","0","0.00487417272525806","0","0","0.0018043465560441","0.00345558789793555","0","5.08717721226058e-05","0.0183018108914147","0","0","0.153000774656521","0","0","0","0","0","0","0.0467018463436667","0.149193084605496","0.762276388307691","0.0155868529609182","0","0","0","0","0.00633305857405829","0","0.0114336322408507","0","0.000577509375488242","0","0.036971350478459","0.00887714669000477","0","0","0","0","0","0","0","0","0","0","0","0","0","0.0192222793680618","0","0.00925139459622747","0","0.00198673701868002","0"
"3","amphipods","amphipods","amphipods","amphipods","0","0","0","0.0129883296977851","0","0","0","0.0190645599471137","0","0","0.0173390586390697","0.0403294933532441","0.0200209486565769","0","0.026096090136949","0.174465804556413","0.084422206947147","0.0857459653345229","0.00316015703774116","0.00376210995698239","0","0.0487946184880066","0.0029736065861821","0.388711724943282","0.00718878708711383","0.151913974275789","0.0336392959678754","0.00645813371489682","0.00195495477466899","0.212936567817016","0.00693980422780389","0","0.00223264361023855","0.00772544898505946","0.00211936483899709","0","0.00270513050957666","0.00345554383931879","0.0588277569423652","0.00180574135724321","0","0","0","0.000211323848787073","0.000393986165304998","0","0.00996663479593242","0.0521694758064096","0.000488461135020352","0.000628512961462466","0.0270926119666748","0.0322972125037969","0.0194771336197423","0.0096354939482406","0.0532746872150991","0.0317236835729655","0.0584567528351433","0.0113848702913212","0","0","0.0144144006127647","0","0.00102966001444669","0.00129021512617635","0","0","0","0.014101931568732","0.000369998526781243","0.0188933622930891","0","0","0","0","0.00899590608698482","0","0","0","0","0","0","0","0","0.591310381139973","0","0","0","0","0"
"4","epibenthic","epibenthic","epibenthic","epibenthic","0","0","0","0","0","0","0","0","0","0","0.047922032962603","0.424431228931085","0.202414011127876","0.154710134977706","0","0.419257182324155","0.230916982425409","0.00914996198951045","0","0","0","0.00168404361964793","0.0447545792391705","0","0.293429140892544","0.251964685440872","0","0.0304325922187938","0.00691805875697726","0.27086009923809","0","0","0.00659975916066711","0.0303820788095901","0.0786018097336338","0.14726931250472","0.0588811317942543","0.0512160468781532","0","0.15444921654692","0.0180051667696726","0.00479372712083943","0.0541165483508078","0.0238768291987306","0.0403689756260795","0","0","0.145457200608849","0.0389266067582235","0","0.00353380701604483","0","1.32899514456938e-05","0.023851097017723","0.0592835776831516","0.226155349667901","0.129493369649881","0.116758099390093","0.002994686124776","0","0.00362095532318816","0","0","0","0.00234230809517566","0","0","0","0.00346784553961091","0.00496062806592247","0","0","0","0","0.000143239144734376","0","0","0.0178363332086325","0.00429057755027866","0","0.0500671603181091","0","0","0.021084014575491","0","0","0","0","0"
"5","micro-zoop","micro-zoop","micro-zoop","micro-zoop","0","0","0","0","0","0.161424549772382","0.0325361995542643","0.0358797583515161","0.232053582185203","0.0607539222318374","0","0","0","0","0","0","0","0","0","0.0169647010438557","0","0","0","0","0","0","0","0","0","0","0","0","0","0","0","0","0","0","0","0","0","0","0","0","0","0","0","0","0","0","0","0","0","0","0","0","0","0","0","0","0","0","0","0","0","0","0","0","0","0","0","0","0","0","0","0","0","0","0","0","0","0","0","0","0","0","0","0","0"
"6","copepods","copepods","copepods","copepods","0","0","0","0","0","0","0.04576103985944","0.468598729976781","0","0.335629505342725","0.114522981374726","0","0","0","0.325300330108139","0","0.19195902914668","0.103873132753303","0.0124605139464792","0.305916744869097","0.117796960935836","0.199377342378715","0.146061168239808","0.248079150281472","0.00919942849050026","0.168908833545836","0.042507673788915","0.381108778249744","0.0877680693589957","0","0.831104800727651","0.241642478887521","0","0","0","0","0.0140550136433389","0.024690419564588","0.0801041101616365","0","0","0","0","0","0","0","0.0292642146814201","0","0","0","0","0.00164004882844339","0.00237372774790668","0","0","0","0.00736606318962487","0","0","0","0.432095827984126","0","0.000722018690516217","0","0","0","0","0.00820415013192111","0","0.00406427956116706","0","0","0","0","0.00738318660007096","0.0158340778968272","0","0","0","0","0","0","0","0","0","0","0","0","0"
"7","euphausiids","euphausiids","euphausiids","euphausiids","0","0","0","0","0","0","0","0.362774096639257","0","0.526628640199911","0.196101779603762","0","0","0","0.513761745359381","0","0","0.428964418085271","0.231690156481332","0.412903651319071","0.444053659212918","0.654690780508678","0.611025516637345","0.257812477033154","0.295798697275898","0.131025092397604","0.67967865729138","0.432598825984052","0.796653432493695","0","0.107901394576057","0.429223560430252","0.545499574516985","0.217466336708498","0.0892077856613245","0","0.136137794223189","0.482661392120328","0.822414040015863","0.00208088276884315","0","0.715700577272533","0.00418466784328729","0.0674243894731884","0.0815216728649382","0.00114844467349329","0.163709347667661","0","0.241854553159044","0.919858057637027","0.746222310299146","0.318460403333423","0.751810804179443","0.710272406195137","0","0","0.0102239784716125","0.0444586175109297","0.0157836918315193","0.00918068511405147","0.376518607633018","0.106104063023191","0.028969482069538","0","0.0102130774332562","0.0101800046349411","0","0.0142098093763238","0.0609065945323227","0.297404894104342","0","0","0","0.29462010229017","0.526695588565992","0.778563464025895","0","0","0","0","0.00280697162881603","0","0.516449095133265","4.0963660749635e-05","0","0","0","0","0.138053038708573"
"8","carniv-zoops","carniv-zoops","carniv-zoops","carniv-zoops","0","0","0","0","0","0","0","0","0","0.0157441521583335","0.0273487755528985","0","0","0","0.0416258363539334","0","0","0.187216801020875","0.617390001255413","0.00133563992769054","0.0194017478742632","0.071606687247082","0.0101412302618838","0.0970268751612355","0.264450667784252","0.139935557210543","0","0.00483395440790492","0.0117333979410743","0","0.0284926474701581","0.25877479972195","0.0208591864258631","0.127882697132634","0.0868294360817581","0","0.375949513683128","0.0105945188361108","0.0386540928801351","0","0","0.0243589376673738","0.003328965446912","8.41722727073651e-05","0.0109270722327943","0.00543619931765266","0.18049336113357","0","0.00509760153113843","0.00410225190371751","0.0685375274126805","0.198986280751806","0.17456204254256","0.0530071331214041","0.0111219755994525","0","6.73614730011525e-05","0.00288503461225222","0","0","0.006513812365817","0","0","0","0","0","0.00330842074294168","0","0","0","0","0","0","0","0.0072252273997421","0.0110516765355631","0","0","0","0","0.00859904546040363","0","0","0.00403025949303961","0.0435234516667925","0","0","0.00313177065415176","0.0310201188002225"
"9","small jellies","small jellies","small jellies","small jellies","0","0","0","0","0","0","0","0.0606618149423344","0","0.0612437800671938","0","0","0","0","0.0412340134385321","0","0","0.133619833276059","0.012991256940549","0.011427273986136","0.112255307053029","0.00498926617041728","0.0319100464980483","0","0","0.0775691710923466","0","0.0017417551085884","0","0","0","0.0703591609602784","0.0542546222075284","0.0210047720303053","0.116796793907082","0","0","0","0","0","0","0","0","0","0.0448869310358177","0","0.0109691779275625","0","0","0.000604436057834315","0","0.315179958104954","0","0","0.0066546757332835","0.00766046769707998","0","0","0","0","0","0","0","0","0","0","0","0","0","0","0","0","0","0","0.0107263907807138","0","0","0","0","0.00538384481245186","0.0089780801656263","0","0","0","0","0","0","0","0"
"10","large jellies","large jellies","large jellies","large jellies","0","0","0","0","0","0","0","0.0164964250019489","0","0","0","0","0","0","0.0238750531729176","0","0","0","0.0763615121504589","0","0","0","0.0136929291148496","0","0","0.0352417363184721","0","0","0","0","0","0","0.00852166717074403","0.0341802904897786","0.113631306731298","0","0","0","0","0","0","0","0","0","0.0317334503015056","0","0.00392878228925358","0","0.0378672325217541","0","0","0.0383346703717299","0","0.00715317683786016","0","0","0","0","0","0","0","0","0","0","0","0","0","0","0.000203728590494407","0.194240825528894","0","0","0","0","0","0","0","0","0","0","0","0","0","0","0","0","0","0","0"
"11","pandalid shp","pandalid shp","pandalid shp","pandalid shp","0","0","0","0","0","0","0","0","0","0","0","0","0","0","0","0.00690978192127814","0.00183261805864389","0.00784210430414979","0","0","0","0","0","0","0","0","0","0.0302340020925271","0","0","0","0","0.0200677070760904","0","0.000640830737223012","0.122646028481294","0.345877044015753","0.0543289798141317","0","0.00709420093400967","0.0292300569389622","0.00565126441316758","0.00471676444333018","0.0347563575318708","0.0138058338984865","0","0","0.00824585949094586","0.0142123323909403","0.0346191336858863","0.014760546017941","0.00102544516873086","0","0.0875491248658081","0.0564687773921961","0.00936858855187071","0.014082674691702","0.0103712563256614","0","0","0.00779559904539821","0","0","0","0","0","0","0","0","0","0","0","0","0","0","0","0","0","0","0","0","0","0","0","0","0","0","0.00271753567571294","0"
"12","benthic shp","benthic shp","benthic shp","benthic shp","0","0","0","0","0","0","0","0","0","0","0","0","0.217404690833246","0","0","0.0337751234032355","0.00617329404223993","0.00225362879435018","0","0","0","0","0.0107033029221273","0","0","0","0","0.0782970531501812","0.0149146821357595","0.0233919574474267","0","0","0","0.039338374717885","0.21016727033932","0.00687313682301621","0.00703907245201745","0.00755484374718846","0","0.18514056802008","0.0164829595425814","0.0200494105088414","0.00866581113739844","0.000201577714388266","0.000841535162043867","0","0","0.0469971892051253","0.0108261687333979","0","0","0","0.00182764878859721","0.0111060119047495","0.136977472121209","0.235406250599685","0.0146865178038477","0.271076703134677","0","0","0","0","0","0","0","0","0","0","0","0","0","0","0","0","0","0","0","0","0","0","0","0","0","0","0","0","0","0.00213483095523226","0"
"13","Dungeness","Dungeness","Dungeness","Dungeness","0","0","0","0","0","0","0","0","0","0","0","0","0.00701124408439096","0","0","0.0093233993249917","0","0","0","0","0","0","0","0","0","0","0","0","0","0","0","0","0","0","0.000866691694099359","0","0","0","0","0.0030663073543464","0.0129129967571638","0","0.0537030661337618","0.00333314832102034","2.58286805033322e-05","0","0","0","0.0355850574055308","0","0","0","0.000196244733112318","0","0","0","0","0.0487823336247311","0.00358370585704403","0","0","0","0","0","0.00038263912690227","0","0","0","0","0","0","0","0","0","0","0","0","0.0139855867221271","0","0","0","0","0","0","0","0","0","0","0"
"14","tanner crb","tanner crb","tanner crb","tanner crb","0","0","0","0","0","0","0","0","0","0","0","0","0","0","0","0.000756386623538112","0","0","0","0","0","0","0","0","0","0","0","0.0141922605696304","0","0","0","0","0","0","0","0","0","0","0","0","0.00108340458624746","0","0","0.000330541386064691","0.00127538385170849","0","0","0","0","0","0","0","0","0","0.157178104103763","0.101623759739519","0","0.00941446854984714","0","0","0","0","0","0","0","0","0","0","0","0","0","0","0","0","0","0","0","0","0","0","0","0","0","0","0","0","0","0","0"
"15","mesopelagics","mesopelagics","mesopelagics","mesopelagics","0","0","0","0","0","0","0","0","0","0","0","0","0","0","0.0039385397677284","0","0","0.0330950492113432","0","0","0","0","0","0","0","0","0","0.00385863643973997","0.0645361863200332","0","0","0","0.0537005956062274","0","0","0","0.0115728579133905","0.0767296721705512","0","0","0","0.0771535053425398","0.00275858613397932","0.00424846868740964","0.0308849210866677","0.000886204871237533","0.00522503739355057","0.0539464258802506","0","0.0145063615622169","0.077673879434263","0.0268315699442485","0.0123074955865921","0.049727233135731","0.0374841117835476","0.0990837066206776","0","0.030658911175331","0.011670114617292","0.00529380566509725","0","0","0.0833923676980636","0","0.0288188610025601","0.0155504591031174","1.37008107651402e-05","0","0.000175290374415234","0.313334088316654","0","0.0182755607494528","0.0454248105424419","0","0","0.0536464380470311","0.0322823104171859","0.0453261305680516","0.0173956285868368","0.053668683420786","0","0.00873823202761762","0","0","0.201605046592075","0.0285694657885637","0.0148706401617502","0.00181378508856396","0"
"16","Benthic fish","Benthic fish","Benthic fish","Benthic fish","0","0","0","0","0","0","0","0","0","0","0","0","0.00892073120282725","0","0","0","0","0","0","0","0","0","0.0179671735287769","0","0","0","0.055093303728624","0.00107974469956391","0","0","0","0","0.00964576478192605","0.0259769484950831","0.0420094274655706","0.119967308960136","0","0.0351382174283652","0","0.108651568388073","0.0129875525015958","0.00503258883126044","0.255565084816252","0.0106270199479554","0.0590841268765827","0","0.00435427794182204","0.0442523703423398","0.0766331363421441","0","0.00718297983755654","0","0.00159054682047135","0","0.04951754333348","0.0516573079567062","0","0.0238234578593518","0.00831237821670829","0.0950437145416187","0","0","0","0","0.00453020186840513","0","0","0","0","0.000138247591233106","0","0.0373708011146937","0.0238884550296877","0","0","0","0","0.0543173234129544","0.0198650550412907","0.0381969492477911","0","0.00715333144166389","0","0","0.00907019329983085","0.0380641736191022","0.0231147090719221","0.381992405347971","0"
"17","surf perch","surf perch","surf perch","surf perch","0","0","0","0","0","0","0","0","0","0","0","0","0","0","0","0","0","0","0","0","0","0","0","0","0","0","0","0","0","0","0","0","0","0","0.0327009340112108","0","0","0","0","0","0.00500726588214575","0","0.000117656117402191","0","0","0","0","0","0.000756576754002464","0","0","0","0","0","0","0","0","0.000294854645430486","0","0.0479599390741122","0","0","0","0","0.0042277167662054","0","0","0","0","0","0","0","0","0","0","0","0","0.0199699094761166","0.0113606689242251","0.00442416715078261","0","0","0","0","0.000650909729732135","0.0401301966981269","0.385349473785922","0","0.0113243273242192"
"18","Other cephal.","Other cephal.","Other cephal.","Other cephal.","0","0","0","0","0","0","0","0","0","0","0","0","0.00183499869166867","0","0.0241683916624194","0.00121053877989038","0","1.24677489217719e-06","0.00412343747720639","0","0.000205985045867578","0","0.000959491425183462","0","0","0","0","0","0.000627730207780803","0","0","0","0.0323724465049293","0","0.0122791358985744","0.00165049264964964","0.0101654364790192","0.00564644550844458","0","0.00529642588880571","0","0.0473689639416036","0.138912954503074","0.00350030010982786","0.0707043875583246","0.0254922651197062","0.000744177355698824","0.300449825765095","0.0412273269435743","0","0.0281636034585411","0.00832415334035146","0.00195906236105038","0.00988565322886905","0.0272021893261595","0.0534660211051894","0","0.0579338236711277","0.154620942879617","0.0204996577756145","0.000586761510325427","0.00816627706471508","0.0142461630496188","0.145224455826866","0.0070941363338331","0","0.169593702278059","0.342555655341667","0.0956212724370921","0.0455432963001399","0","0.0607316201173823","0.37840467365036","0.00760402678862796","0.0364895750175154","0.0374300161735122","0.615408974276952","0.0292510460198254","0.126135472035297","0.0736800219429182","0.249696934330046","0.114037021699618","0","0","0.205567329662138","0.0110350452497503","0","0.00366565284960877","0"
"19","Market squid","Market squid","Market squid","Market squid","0","0","0","0","0","0","0","0","0","0","0","0","0","0","0","0","0","0","0","0","0","0","0.0649953461083239","0","0","0","0","0","0","0","0","0","0.039913008358382","0","0","0","0","0.00936899532224301","0","0","0.0679727637943472","0.000674563419149121","0.00603220771907845","0","0.0054134034407843","0.00849743852213892","0.0334036645495788","0","0.0230829114319655","0","0.0136486930372188","0","0","0","0","0","0","0.0258924563453398","0.00817908760350131","0.106341821020815","0","0.0531687122996064","0.00656543990671816","0.228880004429353","0.112834337495866","0.400065530867217","0","0.0691548455513736","0.19076818660976","0","0","0","0.149033598301658","0","0","0","0","0.0244479326847336","0.118717655147153","0.277271826461888","0.000963736054464722","0.0408610698508872","0","0","0.0740906176251172","0.0110774103687276","0","0","0.103020756530608"
"20","Sardine","Sardine","Sardine","Sardine","0","0","0","0","0","0","0","0","0","0","0","0","0","0","0","0","0","0","0","0","0","0","0","0","0","0","0","0.0020496022390318","0","0","0","0","0","0","0","0.0807554716575286","0","0","0","0","0.133582362442695","0.00829188022327117","0","0","0.00765175714210439","0.00778976034678609","0.0557709929685803","0","0.0476523963021567","0","0","0","0","0","0","0","0","0","0.0528885105383765","0","0","0","0","0","0","0","0","0","0","0","0","0.00513305327794698","0.032196354434971","0.100214104226314","0.132967406550731","0.0334533713213387","0.0763687215646479","0","0.110501741514509","0","0","0.00902748534727766","0","0","0.0516500954187721","0","0","0","0.0262709376833754"
"21","Anchovy","Anchovy","Anchovy","Anchovy","0","0","0","0","0","0","0","0","0","0","0","0","0.0015399382268713","0","0","0","0","0.00138595707286437","0.0130212007375411","0","0","0","0","0","0","0","0.0221991617947225","0","0","0","0.000301840348071946","0","0","0.141649589863082","0.0818277298088174","0.000272994325598275","0","0.097535716636188","0","0.0605105700088752","0.0792525146465913","0.00198184810255304","0.00653775257361053","0","0.00938777926856623","0.058874540954119","0.191371780747735","0","0.0486156036608493","0","0","0","0","0","0","0","0.00310278385722463","0.000974360161269351","0.0746286314562592","0.196870490952919","0","0.159805444282548","0.00815569246638651","0.212142050049212","0.140179835945316","0.0733884030277124","0","0","0.0681629645628335","0","0","0","0.0760800051930933","0.0426949697927309","0.115880971705704","0.0205824532862086","0","0.0926574253879222","0.0297070307407071","0.000347765537162375","0","0.0803620363458755","0","0","0.032976523866141","0.109351042870309","0.131523494938335","0","0.162122213296525"
"22","Herring","Herring","Herring","Herring","0","0","0","0","0","0","0","0","0","0","0","0","0.0135563960956448","0","0","0.00570430807288018","0","0","0","0","0","0","0","0","0","0","0","0","0.00463580696316182","0","0.00245202362890041","0","0.0860035099944163","0.101605620227937","0.00287080785151741","0.276641238836059","0.0126843028315452","0.0504266425570555","0","0.0202488882155777","0.0264767582645722","0.00954505112029018","0.0260080713758291","0.117480411179323","0.0460934044977734","0.00243090793605494","0.128985329627024","0","0.0495481601415603","0.0166387132121191","0","0","0","0","0.0100646113417818","0","0","0","0.0257986059254043","0.0626429976805263","0","0.0646446420743341","0","0","0.131510228060146","0","0","0","0.00213420754798502","0","0","0.0678454524361411","0.00964044160699406","0.0167084578298252","0.0246965206829141","0.0291012582316948","0","0.0341729182302718","0.0164189302618966","0","0","0.0238620316438973","0","0","0","0.019303133039192","0.00778956029991501","0","0.124619467373444"
"23","Pacific Mackerel","Pacific Mackerel","Pacific Mackerel","Pacific Mackerel","0","0","0","0","0","0","0","0","0","0","0","0","0","0","0","0","0","0","0","0","0","0","0","0","0","0","0","0","0","0","0","0","0","0","0","0","0","0","0","0","0.0599877334088216","0","0","0","0","0","0","0","0","0","0.00914064393882333","0","0","0","0","0","0","0","0.0728173176659225","0","0","0","0","0","0","0","0","0","0","0","0","0.0182915546869186","0.002136464946977","0","0.00182927152288823","0","0","0","0.0157414181555806","0","0","0","0","0","0.0239442407822326","0","0","0","0"
"24","Sandlance","Sandlance","Sandlance","Sandlance","0","0","0","0","0","0","0","0","0","0","0","0","0.0297398054719767","0","0","0","0","0","0","0","0","0","0.0375734932418108","0","0","0","0.0420495475721794","0","0","0","0.000493886145422433","0","0.00860348169339387","0.0102444345429897","0","0","0.0104117702491712","0","0","0.000109380342585564","0.0223984397570759","0","0.0181337943398861","0.0664737048489669","0","0","0.0166341813965221","0","0.000750419533435939","0.00566305624726015","0","0","0.00694259412098025","0.0378126697444779","0","0","0.000244109720271895","0.0220829304294257","0","0.0351503937655792","0","0.221840239559576","0.37437026278924","0","0.202614152839325","0","0","0","0","0","0","0","0","0","0.0207245658822295","0.0203372444819295","0","0.0254019000702054","0.00965870183603499","0","0","0","0","0","0","0","0.0222222479634188","0.0599258065195342","0.154143279895461"
"25","White bait smelt","White bait smelt","White bait smelt","White bait smelt","0","0","0","0","0","0","0","0","0","0","0","0","0.00653149738209497","0","0","0","0","0","0","0","0","0","0","0","0","0","0","0","0","0","0.00570373192180921","0","0","0.0841598016311152","0.0721880774272992","0","0","0","0","0","0","0.000705782282791161","0.0189375464086555","0","0","0","0.00419917419184647","0","0.00193440839486523","0","0","0","0","0","0","0","0","0","0","0.0123963322693738","0","0.00645130519479899","0","0","0","0","0","0","0","0","0","0","0","0","0.00349142032141987","0","0","0.0100042596793757","0.00256452665469736","0","0","0","0","0","0","0","0","0","0"
"26","Other smelt","Other smelt","Other smelt","Other smelt","0","0","0","0","0","0","0","0","0","0","0","0","0.0417367802769041","0","0","0","0","0.00587301894765464","0","0","0","0","0","0","0","0","0","0","0","0","0","0","0.00251469087011541","0.00919101065491223","0","0","0.0145209322056168","0","0","0","0.00622178923090721","0.0105209465794421","0","0.00816653393995809","0","0","0.0381775197087871","0","0.0148987999932942","0","0.0040433975811107","0.0184166088110256","0","0","0","0","0","0","0","0.053873665998428","0","0.0647945938885072","0","0","0","0","0","0","0","0","0","0","0.0337509440577895","0","0.015784396508692","0","0","0.100456716679612","0.00854791721606795","0","0","0.00154331126814238","0","0","0","0.00479558192276849","0","0","0.109823080699773"
"27","Saury","Saury","Saury","Saury","0","0","0","0","0","0","0","0","0","0","0","0","0","0","0","0","0","0","0","0","0","0","0","0","0","0","0","0","0","0","0.0166098709541266","0","0","0","0","0","0","0","0","0","0","0.00494237419980571","0.00283577416019357","0","0.00262420510671729","0.0619143340840068","0.022765333050703","0","0.00856217371254511","0","0","0","0","0","0.00594730865948124","0","0","0","0.0218393958172038","0","0","0.05152029878578","0.0805304393156631","0","0.179500522784171","0","0.0222251412445705","0","0.0366406051647601","0","0","0","0.0190766733646839","0","0.0160180610604885","0","0","0","0.0100766673315419","0","0","0.0333276914840978","0","0","0.005057489899808","0","0","0","0"
"28","Juv. rock.","Juv. rock.","Juv. rock.","Juv. rock.","0","0","0","0","0","0","0","0","0","0","0","0","0.000315894422585994","0","0","0.00289062759898931","0","0.000574697476528566","0.0174282610634395","0","0","0","0.00319881134002232","0","0","0","0","0","0","0","0","0","0.0275840190421375","0.0302548787595421","0.00632534728291576","0.0196477504123374","0","0.00999727093337958","0","7.43962712312286e-06","0","0.00405206703024641","0.018884402094244","0.0035464216674889","0.0272380935396216","0.00206886087191213","0.0515244999030306","0","0.0206017667778519","0","0","0.0203393497970359","0","0","0.0528513676767281","0.0140523865153489","0","0.00884071560725929","0","0.206023618994346","0","0.154833636536789","0.333491195444766","0","0.0629645984929538","0","0","0.0103932903465647","0.0229496007629062","0.112543231548554","0","0","0.0028178701898445","0.0205004184746158","0.00269343082403258","0","0","0.0111678902114091","0.129797073046238","0.042396230886469","0","0","0","0","0.0302184810032098","0.472329523781494","0.105379935197134","0.36837260303643","0.0849729037313835"
"29","Juv. hake","Juv. hake","Juv. hake","Juv. hake","0","0","0","0","0","0","0","0","0","0","0","0","0","0","0","0","0","0","0","0","0","0","0","0","0","0","0","0","0.0102576810478536","0","0","0","0.0131802901195771","0.00558988089764538","0","0","0","0.0303409667566064","0","0.00216591602289983","0.01686097857301","0.0468008169863089","0","0.163406367967874","0.0167218491013946","0.0875790583350357","0.00838885098402021","0.0512425959074592","0.0151122517461153","0","0","0","0","0","0","0","0","0","0.0387563074437019","0.057717316703398","0","0.00162838805688989","0","0","0.0231267703422453","0","0","0","0.00188458231129632","0","0","0","0","0","0.00462563542014584","0","0","0.0115881449321145","0.0946466979710913","0.1050237842822","0","0","0","0","0.0896365772661163","0","0","0","0"
"30","Juv. flat.","Juv. flat.","Juv. flat.","Juv. flat.","0","0","0","0","0","0","0","0","0","0","0","0.00290516352365908","0.0133984917890217","0","0","0.0240212388025401","0","0.000182269374950383","0.01137350290984","0","0","0","0.00160447269770071","0","0","0","0","0","0","0","0","0","0.00206675704076209","0","0","0","0","0.00488243704795914","0","0.020188481026252","0.0111582964355339","0","0.0267742362005417","0.0111647032230041","0.00175334403881779","0","0.0109894951308482","0","0.019119149234794","0","0","0.00145053778330145","0","0","0","0","0","0.053870508903941","0","0.0340065756399321","0","0","0","0","0.00730664678406423","0","0","0","0","0","0","0","0","0","0","0","0","0","0.0110759251852844","0.000973176302302993","0","0","0","0","0.024694262271171","0.106432288971825","0.00158255150847603","0.00161665530896401","0"
"31","Juv. round.","Juv. round.","Juv. round.","Juv. round.","0","0","0","0","0","0","0","0","0","0","0","0","0.00234035915155807","0","0","0.000547733231503012","0","0.000221915583725337","0","0","0","0","0.002438832158767","0","0","0","0","0","0","0","0","0","0.00431021255805147","0","0.00287382664198274","0","0","0.00713622752683304","0","0","0.0115190887997929","0","0.0354225511489426","0.00235466896511172","0.0211548611868772","0","0.0142148640892893","0","0.0095002614069716","0","0","0.0033257405171866","0","0","0","0","0","0.0106147300601539","0.00524247512862452","0.0293346929643619","0","0.00752523252193306","0.0607795580760941","0","0","0","0","0","0.00287326079661855","0","0","0","0.00826996895429884","0","0","0","0","0.0034010769256827","0.00848644572352365","0.0496923311953565","0","0.00686392553446583","0","0","0","0.00166553384894983","0","0","0"
"32","Juv. thorny.","Juv. thorny.","Juv. thorny.","Juv. thorny.","0","0","0","0","0","0","0","0","0","0","0","0","0","0","0","0","0","0","0","0","0","0","0","0","0","0","0","0","0","0","0","0","0","0","0","0","0","0","0","0","0","0","0","0","0.0493822546693128","0","0","0","0","0","0","0","0","0","0.0568005200298773","0","0","0","0","0","0","0","0","0","0","0","0","0","0","0","0","0","0","0","0","0","0","0","0","0","0","0","0","0","0","0","0","0","0"
"33","Yellowtail rock.","Yellowtail rock.","Yellowtail rock.","Yellowtail rock.","0","0","0","0","0","0","0","0","0","0","0","0","0","0","0","0","0","0","0","0","0","0","0","0","0","0","0","0","0","0","0","0","0","0","0","0.0132734552983186","0","0.000689057947232494","0","0","0.000845657484211542","0","0.00797445984597146","0.00201420041372111","0.000890797400673112","0","0","0","9.9659318940666e-05","0","0","0","0","0","0","0","0","0.00641587766778353","0.00172956675222146","0","0","0","0","0","0","0","0","0","0","0","0","0.000610971029532915","0.00121580925305496","0","0","0","0.0152405319703322","0.00900725755507893","0.00667630628009986","0","6.66798079722474e-05","0.0138173596180307","0","0","0","0","0","0","0"
"34","Black rock.","Black rock.","Black rock.","Black rock.","0","0","0","0","0","0","0","0","0","0","0","0","0","0","0","0","0","0","0","0","0","0","0","0","0","0","0","0","0","0","0","0","0","0","0","0.010974027564243","0","0","0","0","0","0","0.00107814870320181","0","0","0","0","0","0","0","0","0","0","0","0","0","0","0.00118302206056304","0.000787392126448923","0","0","0","0","0","0","0","0","0","0","0","0","0","0.00012488075405992","0","0","0","0.00465476773253274","0.00268855188001812","0.000526539819480192","0","0","0.00200775247897393","0","0","0","0","0","0","0"
"35","Nearshore rock.","Nearshore rock.","Nearshore rock.","Nearshore rock.","0","0","0","0","0","0","0","0","0","0","0","0","0","0","0","0","0","0","0","0","0","0","0","0","0","0","0","0","0","0","0","0","0","0","0","0.00437229813178295","0","0","0","0","0","0","0.00226938426952451","0","0.000209551427715701","0","0","0","0","0","0","0","0","0","0","0","0","0","0","0","0","0","0","0","0","0","0","0","0","0","0","0.000955170059873259","0.00167032870969473","0","0","0","0.00218007733545188","3.4664488805576e-06","0.00112140364525715","0","0","0.00153743135955501","0","0","0","0","0","0","0"
"36","Yelloweye rock.","Yelloweye rock.","Yelloweye rock.","Yelloweye rock.","0","0","0","0","0","0","0","0","0","0","0","0","0","0","0","0","0","0","0","0","0","0","0","0","0","0","0","0","0","0","0","0","0","0","0","0","0","0","0","0","0","0","0","0","0","0","0","0","0","0","0","0","0","0","0","0","0","0","0","0","0","0","0","0","0","0","0","0","0","0","0","0.0012454140324044","0","0","0","0","0","0","0","0","0","0","0","0","0","0","0","0","0"
"37","Greenstriped","Greenstriped","Greenstriped","Greenstriped","0","0","0","0","0","0","0","0","0","0","0","0","0","0","0","0","0","0","0","0","0","0","0","0","0","0","0","0","0","0","0","0","0","0","0","0.00427446383541933","0","0","0","0","0","0","0.00141192414432088","0","0","0","0","0","0","0","0","0","0","0","0","0","0","0","0","0","0","0","0","0","0","0","0","0","0","0","0","0","0.00109754940616525","0","0","0","0.00755457412511709","0.0013972171425033","0.00104694637483423","0","0","0.00303263773541902","0","0","0","0","0","0","0"
"38","Shelf rock.","Shelf rock.","Shelf rock.","Shelf rock.","0","0","0","0","0","0","0","0","0","0","0","0","0","0","0","0","0","0","0","0","0","0","0","0","0","0","0","0","0","0","0","0","0","0","0","0.0290365675367468","0","0.00312750286790618","0","0","0.00159863384678885","0","0.00338065582570036","0.000110559133592938","0.00130059307505127","0","0","0","0","0","0","0","0","0","0.00201588536922343","0","0","0.00583666739806199","0.000916603237785371","0","0","0","0","0","0","0","0","0","0","0","0","0.00223027710210467","0.00143503409918474","0","0","0","0.010537851186014","0.00723122617682471","0.00248440853208901","0","0.00045509858218798","0.00606411915789636","0","0","0","0","0","0","0"
"39","Shortbelly","Shortbelly","Shortbelly","Shortbelly","0","0","0","0","0","0","0","0","0","0","0","0","0","0","0","0","0","0","0","0","0","0","0","0","0","0","0","0","0","0","0","0","0","0","0","0.0052604091902016","0","2.13453703042254e-06","0","0","0.000431724740902478","0","0.00160940587373901","0.000963782497138608","0.0253519631632082","0","0","0","0.00269238840267088","0","0","0","0","0","0.00104670589557788","0","0","0.02620362727639","0.00414915549558232","0","0","0","0","0","0","0","0","0","0","0","0","1.36139781029603e-07","0.00076020197986945","0","0","0","0.0162377967965309","0.0076451579975516","0.00456385062685898","0","4.68809542416658e-05","0.0113942550307812","0","0","0","0","0","0","0"
"40","Petrale sole","Petrale sole","Petrale sole","Petrale sole","0","0","0","0","0","0","0","0","0","0","0","0","0","0","0","0","0","0","0","0","0","0","0","0","0","0","0","0","0","0","0","0","0","0","0","0","0","0","0","0","0.000424194689279996","0","0.00417312530651689","0.000683200717155652","0","0","0","0","0.00110095073973496","0","0","0","0","0","0","0","0","0.00539724046773923","0.000513952369987697","0","0","0","0","0","0","0","0","0","0","0","0","0","0","0","0","0","0","0.0132395461719978","0","0","0","0","0","0","0","0","0","0","0"
"41","Halibut","Halibut","Halibut","Halibut","0","0","0","0","0","0","0","0","0","0","0","0","0","0","0","0","0","0","0","0","0","0","0","0","0","0","0","0","0","0","0","0","0","0","0","0","0","0","0","0","0","0","0","0","0","0","0","0","0","0","0","0","0","0","0","0","0","0","0.00151652789409112","0","0","0","0","0","0","0","0","0","0","0","0","0.0082491819143905","0","0","0","0","0.0183511854862282","0","0","0","0","0","0","0","0","0","0","0","0"
"42","Hake","Hake","Hake","Hake","0","0","0","0","0","0","0","0","0","0","0","0","0","0","0","0","0","0","0","0","0","0","0","0","0","0","0","0","0","0","0","0","0.0257378868382244","0","0","0","0","0","0","0","0.186935801814752","0","0.0975227539321611","0.395977900913698","0.185564449276582","0","0","0","0.147363812287812","0","0","0.0137922633941648","0","0","0.135189251827984","0","0","0.0225864384618241","0.230189291093496","0","0","0","0","0","0","0","0","0","0","0","0","0.0220975630601029","0.10718596588069","0","0","0","0.0490944215251088","0.0908758386418871","0.0902468288985","0","0.0345680337740994","0.102404842359904","0","0","0","0","0","0","0"
"43","Lingcod","Lingcod","Lingcod","Lingcod","0","0","0","0","0","0","0","0","0","0","0","0","0","0","0","0","0","0","0","0","0","0","0","0","0","0","0","0","0","0","0","0","0","0","0","0","0","0","0","0","0","0","0","0","8.76505535992164e-05","0","0","0","0.015533022205441","0","0","0","0","0","0","0","0","0","0.00465397930936939","0","0","0","0","0","0","0","0","0","0","0","0","0.0281009972483596","0","0","0","0","0.0192517192898082","0.0198782862491569","0.00926769619777965","0","0","0","0","0","0","0","0","0","0"
"44","Arrowtooth","Arrowtooth","Arrowtooth","Arrowtooth","0","0","0","0","0","0","0","0","0","0","0","0","0","0","0","0","0","0","0","0","0","0","0","0","0","0","0","0","0","0","0","0","0","0","0","0","0","0.00163098554989457","0","0","0.0041236717026322","0","0","0","0.00332513958954831","0","0","0","0.00098681310600453","0","0","0","0","0","0.00194811061959703","0","0","0.00198553949953211","0.00537801749905532","0","0","0","0","0","0","0","0","0","0","0","0","0.0154512638329777","0","0","0","0","0","0.0157101864379837","0","0","0","0","0","0","0","0","0","0","0"
"45","Sablefish","Sablefish","Sablefish","Sablefish","0","0","0","0","0","0","0","0","0","0","0","0","0","0","0","0","0","0","0","0","0","0","0","0","0","0","0","0","0","0","0","0","0","0","0","0","0","0","0","0","0.00133165877928159","0","0","0","0","0","0","0","0","0","0","0","0","0","0","0","0","0.00795345274699361","0","0","0","0","0","0","0","0","0","0","0","0","0","0.0169532835830753","0.00846041064026944","0","0","0","0.0284337311443288","0","0.0112654575294684","0","0","0.0121484892669071","0","0","0","0","0","0","0"
"46","Albacore","Albacore","Albacore","Albacore","0","0","0","0","0","0","0","0","0","0","0","0","0","0","0","0","0","0","0","0","0","0","0","0","0","0","0","0","0","0","0","0","0","0","0","0","0","0","0","0","0","0","0","0","0","0","0","0","0","0","0","0","0","0","0","0","0","0","0.00286888235896965","0","0","0","0","0","0","0","0","0","0","0","0","0.000182895555731391","0","0","0","0","0","0","0","0","0","0","0","0","0","0","0","0","0"
"47","Salmon","Salmon","Salmon","Salmon","0","0","0","0","0","0","0","0","0","0","0","0","0","0","0","0","0","0","0","0","0","0","0","0","0","0","0","0","0","0","0","0","0","0.0673672946926916","0.00594977620757988","0","0","0","0","0","0.0208309953671328","0","0.000458233654929245","6.14485257134189e-06","0.000906655139227697","0.00235136102508827","0","0","0","0","0","0","0","0","0","0","0","0","0.00927585931104621","0.0202171064774082","0","0.0792641662830515","0","0","0.0394096192673757","0","0","0","0","0","0","0.233384228984727","0.0129765247122544","0","0.00700780501633878","0","0","0.0753546724012372","0.0287314618821233","0","0","0.039593712522062","0","0","0","0","0.000272114509346323","0","0"
"48","Grenadiers","Grenadiers","Grenadiers","Grenadiers","0","0","0","0","0","0","0","0","0","0","0","0","0","0","0","0","0","0","0","0","0","0","0","0","0","0","0","0","0","0","0","0","0","0","0","0","0","0","0","0","0","0","0","0","0.00916824580227012","0","0","0","0","0","0","0","0","0","0.00754217787773189","0","0","0","0","0","0","0","0","0","0","0","0","0","0","0","0","0.0109658590571915","0","0","0","0","0.0294336852910968","0","0","0","0.00542316328661517","0","0","0","0","0","0","0","0"
"49","Dogfish","Dogfish","Dogfish","Dogfish","0","0","0","0","0","0","0","0","0","0","0","0","0","0","0","0","0","0","0","0","0","0","0","0","0","0","0","0","0","0","0","0","0","0","0.0123323134061174","0","0","0","0","0","0","0","0.000227687559389997","0","0.00354547719122216","0","0","0","0","0","0","0","0","0","0","0","0","0","0.0125824773677191","0","0","0","0","0","0","0","0","0","0","0","0","0.0101866845692967","0.00182973854171638","0","0","0","0.0158141529712318","0","0.00596844385900898","0.0154500559041676","0.00378687940817342","0","0","0","0","0","0","0","0"
"50","Canary rock.","Canary rock.","Canary rock.","Canary rock.","0","0","0","0","0","0","0","0","0","0","0","0","0","0","0","0","0","0","0","0","0","0","0","0","0","0","0","0","0","0","0","0","0","0","0","0.00056174454017258","0","0","0","0","0","0","0.000421726514716019","0","0","0","0","0","0","0","0","0","0","0","0","0","0","0","0","0","0","0","0","0","0","0","0","0","0","0","0","0","0","0","0","0","0.000653950883431442","0.00169518828117399","0.000291403209258611","0","0","0.000574952610840678","0","0","0","0","0","0","0"
"51","P. Ocean Perch","P. Ocean Perch","P. Ocean Perch","P. Ocean Perch","0","0","0","0","0","0","0","0","0","0","0","0","0","0","0","0","0","0","0","0","0","0","0","0","0","0","0","0","0","0","0","0","0","0","0","0.00259199272009736","0","0","0","0","0","0","0","0","0","0","0","0","0","0","0","0","0","0","0","0","0","0","0","0","0","0","0","0","0","0","0","0","0","0","0","0","0.000588291556008845","0","0","0","0.00409356365544403","0.00029673225526096","0.00040220450222531","0","0","0.00299480989851215","0","0","0","0","0","0","0"
"52","Widow rock.","Widow rock.","Widow rock.","Widow rock.","0","0","0","0","0","0","0","0","0","0","0","0","0","0","0","0","0","0","0","0","0","0","0","0","0","0","0","0","0","0","0","0","0","0","0","0.0197491789500146","0","0.00261950192695041","0","0","0.000663008188231566","0","0.00253390930671799","0.00352360981394531","0.000867030893511448","0","0","0","0","0","0","0","0","0","0","0","0","0.00350558475473007","0.00271344795962223","0","0","0","0","0","0","0","0","0","0","0","0","0.00220269075868314","3.28496385097241e-05","0","0","0","0.0128739170995548","0.00889958680504951","0.00207525060992383","0","9.88806776620631e-05","0.00861965503501287","0","0","0","0","0","0","0"
"53","Splitnose rock.","Splitnose rock.","Splitnose rock.","Splitnose rock.","0","0","0","0","0","0","0","0","0","0","0","0","0","0","0","0","0","0","0","0","0","0","0","0","0","0","0","0","0","0","0","0","0","0","0","0.0113429241036271","0","0.00226790687991887","0","0","0.00451352357139228","0","0","0.000918047558279193","0.00134627550469095","0","0","0","0","0","0","0","0","0","0.000881943939695622","0","0","0.00931079920652183","0.0017715916096722","0","0","0","0","0","0","0","0","0","0","0","0","0","0.000114045561388811","0","0","0","0.00710525758691403","0.000446373685540912","0.00143217312055728","0","2.47200708937878e-05","0.00545995680210141","0","0","0","0","0","0","0"
"54","Slope rock.","Slope rock.","Slope rock.","Slope rock.","0","0","0","0","0","0","0","0","0","0","0","0","0","0","0","0","0","0","0","0","0","0","0","0","0","0","0","0","0","0","0","0","0","0","0","0.00358565752452947","0","0","0","0","0","0","0","0","0.000390862178954167","0","0","0","0","0","0","0","0","0","0.00219939957765218","0","0","0.00154475557018708","0.000546446484472368","0","0","0","0","0","0","0","0","0","0","0","0","0","6.03380228219441e-05","0","0","0","0.00626451712860508","0.00317027924911755","0.000333372196305147","0","0.00131836140347488","0.00689595277699515","0","0","0","0","0","0","0"
"55","Shortspine thorny.","Shortspine thorny.","Shortspine thorny.","Shortspine thorny.","0","0","0","0","0","0","0","0","0","0","0","0","0","0","0","0","0","0","0","0","0","0","0","0","0","0","0","0","0","0","0","0","0","0","0","0","0","0","0","0","0","0","0","0","0.0124062276715997","0","0","0","0","0","0","0","0","0","0","0","0","0","0","0","0","0","0","0","0","0","0","0","0","0","0","0","0","0","0","0","0.00406060880550537","0","0","0","9.80797949373408e-05","0","0","0","0","0","0","0","0"
"56","Longspine thorny.","Longspine thorny.","Longspine thorny.","Longspine thorny.","0","0","0","0","0","0","0","0","0","0","0","0","0","0","0","0","0","0","0","0","0","0","0","0","0","0","0","0","0","0","0","0","0","0","0","0","0","0","0","0","0","0","0","0","0.0119385655715991","0","0","0","0","0","0","0","0","0","0.00841482775079416","0","0","0","0","0","0","0","0","0","0","0","0","0","0","0","0","0","0","0","0","0","0","0","0","0","0","0","0","0","0","0","0","0","0"
"57","Flatfish","Flatfish","Flatfish","Flatfish","0","0","0","0","0","0","0","0","0","0","0","0","0.0208943265572389","0","0","0.0064946659191477","0","0","0","0","0","0","0","0","0","0","0","0","0","0","0","0","0.0256796341526565","0.0108404635773917","0.00412738966385738","0.119253545954508","0","0.023084400878364","0","0.429184413498366","0.0577454412422126","0.00892010706004709","0.19124592998756","0.0579636539913505","0.0588370964871964","0","0.00606212608033287","0","0.0621813047205545","0","0","0.00159575734980115","0","0","0.0122645620278178","0.00466720143328085","0","0.122152677542346","0.0263776434982551","0","0","0","0","0","0","0","0","0","0","0","0","0.0261616729133144","0.0200564303447093","0","0","0","0","0.205296026216069","0.0112395851625655","0","0.00134392737444869","0.00352774746713587","0","0","0","0","0","0","0"
"58","Skates","Skates","Skates","Skates","0","0","0","0","0","0","0","0","0","0","0","0","0","0","0","0","0","0","0","0","0","0","0","0","0","0","0","0","0","0","0","0","0","0","0","0","0","0","0","0","0","0","0","0","0.00186174074026142","0","0","0","0","0","0","0","0","0","0","0","0","0","0.000673822609493707","0","0","0","0","0","0","0","0","0","0","0","0","0.0139525870621569","0.00292088198240512","0","0","0","0.024103683727978","0","0.0104095334266164","0.00894638026746717","0.00520848272806729","0","0","0","0","0","0","0","0"
"59","Sharks","Sharks","Sharks","Sharks","0","0","0","0","0","0","0","0","0","0","0","0","0","0","0","0","0","0","0","0","0","0","0","0","0","0","0","0","0","0","0","0","0","0","0","0","0","0","0","0","0","0","0","0","0","0","0","0","0","0","0","0","0","0","0","0","0","0","0.0159949628381576","0","0","0","0","0","0","0","0","0","0","0","0.000588746060024267","0.00189172980188828","8.17969951903469e-05","0","0","0","0","0","0","0","0","0","0","0","0","0","0","0","0"
"60","Common murre","Common murre","Common murre","Common murre","0","0","0","0","0","0","0","0","0","0","0","0","0","0","0","0","0","0","0","0","0","0","0","0","0","0","0","0","0","0","0","0","0","0","0","0","0","0","0","0","0","0","0","0","0","0","0","0","0","0","0","0","0","0","0","0","0","0","0","0","0","0","0","0","0","0","0","0","0","0","0","0","0","0","0","0","0","0","0","0","0","0","0","0","0","0","0","0","0"
"61","Cassin's auklet","Cassin's auklet","Cassin's auklet","Cassin's auklet","0","0","0","0","0","0","0","0","0","0","0","0","0","0","0","0","0","0","0","0","0","0","0","0","0","0","0","0","0","0","0","0","0","0","0","0","0","0","0","0","0","0","0","0","0","0","0","0","0","0","0","0","0","0","0","0","0","0","0","0","0","0","0","0","0","0","0","0","0","0","0","0","0","0","0","0","0","0","0","0","0","0","0","0","0","0","0","0","0"
"62","Rhino. auklet","Rhino. auklet","Rhino. auklet","Rhino. auklet","0","0","0","0","0","0","0","0","0","0","0","0","0","0","0","0","0","0","0","0","0","0","0","0","0","0","0","0","0","0","0","0","0","0","0","0","0","0","0","0","0","0","0","0","0","0","0","0","0","0","0","0","0","0","0","0","0","0","0","0","0","0","0","0","0","0","0","0","0","0","0","0","0","0","0","0","0","0","0","0","0","0","0","0","0","0","0","0","0"
"63","Tufted Puffin","Tufted Puffin","Tufted Puffin","Tufted Puffin","0","0","0","0","0","0","0","0","0","0","0","0","0","0","0","0","0","0","0","0","0","0","0","0","0","0","0","0","0","0","0","0","0","0","0","0","0","0","0","0","0","0","0","0","0","0","0","0","0","0","0","0","0","0","0","0","0","0","0","0","0","0","0","0","0","0","0","0","0","0","0","0","0","0","0","0","0","0","0","0","0","0","0","0","0","0","0","0","0"
"64","Cali. gull","Cali. gull","Cali. gull","Cali. gull","0","0","0","0","0","0","0","0","0","0","0","0","0","0","0","0","0","0","0","0","0","0","0","0","0","0","0","0","0","0","0","0","0","0","0","0","0","0","0","0","0","0","0","0","0","0","0","0","0","0","0","0","0","0","0","0","0","0","0","0","0","0","0","0","0","0","0","0","0","0","0","0","0","0","0","0","0","0","0","0","0","0","0","0","0","0","0","0","0"
"65","Western Gull","Western Gull","Western Gull","Western Gull","0","0","0","0","0","0","0","0","0","0","0","0","0","0","0","0","0","0","0","0","0","0","0","0","0","0","0","0","0","0","0","0","0","0","0","0","0","0","0","0","0","0","0","0","0","0","0","0","0","0","0","0","0","0","0","0","0","0","0","0","0","0","0","0","0","0","0","0","0","0","0","0","0","0","0","0","0","0","0","0","0","0","0","0","0","0","0","0","0"
"66","Kittiwake","Kittiwake","Kittiwake","Kittiwake","0","0","0","0","0","0","0","0","0","0","0","0","0","0","0","0","0","0","0","0","0","0","0","0","0","0","0","0","0","0","0","0","0","0","0","0","0","0","0","0","0","0","0","0","0","0","0","0","0","0","0","0","0","0","0","0","0","0","0","0","0","0","0","0","0","0","0","0","0","0","0","0","0","0","0","0","0","0","0","0","0","0","0","0","0","0","0","0","0"
"67","Albatross","Albatross","Albatross","Albatross","0","0","0","0","0","0","0","0","0","0","0","0","0","0","0","0","0","0","0","0","0","0","0","0","0","0","0","0","0","0","0","0","0","0","0","0","0","0","0","0","0","0","0","0","0","0","0","0","0","0","0","0","0","0","0","0","0","0","0","0","0","0","0","0","0","0","0","0","0","0","0","0","0","0","0","0","0","0","0","0","0","0","0","0","0","0","0","0","0"
"68","Fulmar","Fulmar","Fulmar","Fulmar","0","0","0","0","0","0","0","0","0","0","0","0","0","0","0","0","0","0","0","0","0","0","0","0","0","0","0","0","0","0","0","0","0","0","0","0","0","0","0","0","0","0","0","0","0","0","0","0","0","0","0","0","0","0","0","0","0","0","0","0","0","0","0","0","0","0","0","0","0","0","0","0","0","0","0","0","0","0","0","0","0","0","0","0","0","0","0","0","0"
"69","Shearwater","Shearwater","Shearwater","Shearwater","0","0","0","0","0","0","0","0","0","0","0","0","0","0","0","0","0","0","0","0","0","0","0","0","0","0","0","0","0","0","0","0","0","0","0","0","0","0","0","0","0","0","0","0","0","0","0","0","0","0","0","0","0","0","0","0","0","0","0","0","0","0","0","0","0","0","0","0","0","0","0","0","0","0","0","0","0","0","0","0","0","0","0","0","0","0","0","0","0"
"70","Leach's S. Petrel","Leach's S. Petrel","Leach's S. Petrel","Leach's S. Petrel","0","0","0","0","0","0","0","0","0","0","0","0","0","0","0","0","0","0","0","0","0","0","0","0","0","0","0","0","0","0","0","0","0","0","0","0","0","0","0","0","0","0","0","0","0","0","0","0","0","0","0","0","0","0","0","0","0","0","0","0","0","0","0","0","0","0","0","0","0","0","0","0","0","0","0","0","0","0","0","0","0","0","0","0","0","0","0","0","0"
"71","Transient Orcas","Transient Orcas","Transient Orcas","Transient Orcas","0","0","0","0","0","0","0","0","0","0","0","0","0","0","0","0","0","0","0","0","0","0","0","0","0","0","0","0","0","0","0","0","0","0","0","0","0","0","0","0","0","0","0","0","0","0","0","0","0","0","0","0","0","0","0","0","0","0","0","0","0","0","0","0","0","0","0","0","0","0","0","0","0","0","0","0","0","0","0","0","0","0","0","0","0","0","0","0","0"
"72","Resident Orcas","Resident Orcas","Resident Orcas","Resident Orcas","0","0","0","0","0","0","0","0","0","0","0","0","0","0","0","0","0","0","0","0","0","0","0","0","0","0","0","0","0","0","0","0","0","0","0","0","0","0","0","0","0","0","0","0","0","0","0","0","0","0","0","0","0","0","0","0","0","0","0","0","0","0","0","0","0","0","0","0","0","0","0","0","0","0","0","0","0","0","0","0","0","0","0","0","0","0","0","0","0"
"73","Porpoises","Porpoises","Porpoises","Porpoises","0","0","0","0","0","0","0","0","0","0","0","0","0","0","0","0","0","0","0","0","0","0","0","0","0","0","0","0","0","0","0","0","0","0","0","0","0","0","0","0","0","0","0","0","0","0","0","0","0","0","0","0","0","0","0","0","0","0","0.0136467894451745","0","0","0","0","0","0","0","0","0","0","0","0.000918438647529761","0","0","0","0","0","0","0","0","0","0","0","0","0","0","0","0","0","0"
"74","Humpback whale","Humpback whale","Humpback whale","Humpback whale","0","0","0","0","0","0","0","0","0","0","0","0","0","0","0","0","0","0","0","0","0","0","0","0","0","0","0","0","0","0","0","0","0","0","0","0","0","0","0","0","0","0","0","0","0","0","0","0","0","0","0","0","0","0","0","0","0","0","0","0","0","0","0","0","0","0","0","0","0","0","0.0217641178683329","0","0","0","0","0","0","0","0","0","0","0","0","0","0","0","0","0","0"
"75","Minke whale","Minke whale","Minke whale","Minke whale","0","0","0","0","0","0","0","0","0","0","0","0","0","0","0","0","0","0","0","0","0","0","0","0","0","0","0","0","0","0","0","0","0","0","0","0","0","0","0","0","0","0","0","0","0","0","0","0","0","0","0","0","0","0","0","0","0","0","0","0","0","0","0","0","0","0","0","0","0","0","0.000335570489322706","0","0","0","0","0","0","0","0","0","0","0","0","0","0","0","0","0","0"
"76","Fin whale","Fin whale","Fin whale","Fin whale","0","0","0","0","0","0","0","0","0","0","0","0","0","0","0","0","0","0","0","0","0","0","0","0","0","0","0","0","0","0","0","0","0","0","0","0","0","0","0","0","0","0","0","0","0","0","0","0","0","0","0","0","0","0","0","0","0","0","0","0","0","0","0","0","0","0","0","0","0","0","0.0206820555560113","0","0","0","0","0","0","0","0","0","0","0","0","0","0","0","0","0","0"
"77","Sperm whale","Sperm whale","Sperm whale","Sperm whale","0","0","0","0","0","0","0","0","0","0","0","0","0","0","0","0","0","0","0","0","0","0","0","0","0","0","0","0","0","0","0","0","0","0","0","0","0","0","0","0","0","0","0","0","0","0","0","0","0","0","0","0","0","0","0","0","0","0","0","0","0","0","0","0","0","0","0","0","0","0","0.00573538865528186","0","0","0","0","0","0","0","0","0","0","0","0","0","0","0","0","0","0"
"78","Harbor seals","Harbor seals","Harbor seals","Harbor seals","0","0","0","0","0","0","0","0","0","0","0","0","0","0","0","0","0","0","0","0","0","0","0","0","0","0","0","0","0","0","0","0","0","0","0","0","0","0","0","0","0","0","0","0","0","0","0","0","0","0","0","0","0","0","0","0","0","0","0.00377101046175731","0","0","0","0","0","0","0","0","0","0","0","0.00325806094602424","0","0","0","0","0","0","0","0","0","0","0","0","0","0","0","0","0","0"
"79","Sea Lions","Sea Lions","Sea Lions","Sea Lions","0","0","0","0","0","0","0","0","0","0","0","0","0","0","0","0","0","0","0","0","0","0","0","0","0","0","0","0","0","0","0","0","0","0","0","0","0","0","0","0","0","0","0","0","0","0","0","0","0","0","0","0","0","0","0","0","0","0","0.0146033489843207","0","0","0","0","0","0","0","0","0","0","0","0.0187170905132795","0","0","0","0","0","0","0","0","0","0","0","0","0","0","0","0","0","0"
"80","Juv. Ele. Seal","Juv. Ele. Seal","Juv. Ele. Seal","Juv. Ele. Seal","0","0","0","0","0","0","0","0","0","0","0","0","0","0","0","0","0","0","0","0","0","0","0","0","0","0","0","0","0","0","0","0","0","0","0","0","0","0","0","0","0","0","0","0","0","0","0","0","0","0","0","0","0","0","0","0","0","0","0","0","0","0","0","0","0","0","0","0","0","0","0","0","0","0","0","0","0","0","0","0","0","0","0","0","0","0","0","0","0"
"81","Adult N. Ele. Seal","Adult N. Ele. Seal","Adult N. Ele. Seal","Adult N. Ele. Seal","0","0","0","0","0","0","0","0","0","0","0","0","0","0","0","0","0","0","0","0","0","0","0","0","0","0","0","0","0","0","0","0","0","0","0","0","0","0","0","0","0","0","0","0","0","0","0","0","0","0","0","0","0","0","0","0","0","0","0.0272293633405795","0","0","0","0","0","0","0","0","0","0","0","0.00202568405994481","0","0","0","0","0","0","0","0","0","0","0","0","0","0","0","0","0","0"
"82","Fur seals","Fur seals","Fur seals","Fur seals","0","0","0","0","0","0","0","0","0","0","0","0","0","0","0","0","0","0","0","0","0","0","0","0","0","0","0","0","0","0","0","0","0","0","0","0","0","0","0","0","0","0","0","0","0","0","0","0","0","0","0","0","0","0","0","0","0","0","0","0","0","0","0","0","0","0","0","0","0","0","0.0150683879872624","0","0","0","0","0","0","0","0","0","0","0","0","0","0","0","0","0","0"
"83","Blue whale","Blue whale","Blue whale","Blue whale","0","0","0","0","0","0","0","0","0","0","0","0","0","0","0","0","0","0","0","0","0","0","0","0","0","0","0","0","0","0","0","0","0","0","0","0","0","0","0","0","0","0","0","0","0","0","0","0","0","0","0","0","0","0","0","0","0","0","0","0","0","0","0","0","0","0","0","0","0","0","0.0520973085797697","0","0","0","0","0","0","0","0","0","0","0","0","0","0","0","0","0","0"
"84","Gray whale","Gray whale","Gray whale","Gray whale","0","0","0","0","0","0","0","0","0","0","0","0","0","0","0","0","0","0","0","0","0","0","0","0","0","0","0","0","0","0","0","0","0","0","0","0","0","0","0","0","0","0","0","0","0","0","0","0","0","0","0","0","0","0","0","0","0","0","0","0","0","0","0","0","0","0","0","0","0","0","0.0908691689584767","0","0","0","0","0","0","0","0","0","0","0","0","0","0","0","0","0","0"
"85","Dolphins","Dolphins","Dolphins","Dolphins","0","0","0","0","0","0","0","0","0","0","0","0","0","0","0","0","0","0","0","0","0","0","0","0","0","0","0","0","0","0","0","0","0","0","0","0","0","0","0","0","0","0","0","0","0","0","0","0","0","0","0","0","0","0","0","0","0","0","0","0","0","0","0","0","0","0","0","0","0","0","0.00986092200723013","0","0","0","0","0","0","0","0","0","0","0","0","0","0","0","0","0","0"
"86","Brandt's corm.","Brandt's corm.","Brandt's corm.","Brandt's corm.","0","0","0","0","0","0","0","0","0","0","0","0","0","0","0","0","0","0","0","0","0","0","0","0","0","0","0","0","0","0","0","0","0","0","0","0","0","0","0","0","0","0","0","0","0","0","0","0","0","0","0","0","0","0","0","0","0","0","0","0","0","0","0","0","0","0","0","0","0","0","0","0","0","0","0","0","0","0","0","0","0","0","0","0","0","0","0","0","0"
"87","Double corm.","Double corm.","Double corm.","Double corm.","0","0","0","0","0","0","0","0","0","0","0","0","0","0","0","0","0","0","0","0","0","0","0","0","0","0","0","0","0","0","0","0","0","0","0","0","0","0","0","0","0","0","0","0","0","0","0","0","0","0","0","0","0","0","0","0","0","0","0","0","0","0","0","0","0","0","0","0","0","0","0","0","0","0","0","0","0","0","0","0","0","0","0","0","0","0","0","0","0"
"88","Pelagic cormorant","Pelagic cormorant","Pelagic cormorant","Pelagic cormorant","0","0","0","0","0","0","0","0","0","0","0","0","0","0","0","0","0","0","0","0","0","0","0","0","0","0","0","0","0","0","0","0","0","0","0","0","0","0","0","0","0","0","0","0","0","0","0","0","0","0","0","0","0","0","0","0","0","0","0","0","0","0","0","0","0","0","0","0","0","0","0","0","0","0","0","0","0","0","0","0","0","0","0","0","0","0","0","0","0"
"89","Murrelet","Murrelet","Murrelet","Murrelet","0","0","0","0","0","0","0","0","0","0","0","0","0","0","0","0","0","0","0","0","0","0","0","0","0","0","0","0","0","0","0","0","0","0","0","0","0","0","0","0","0","0","0","0","0","0","0","0","0","0","0","0","0","0","0","0","0","0","0","0","0","0","0","0","0","0","0","0","0","0","0","0","0","0","0","0","0","0","0","0","0","0","0","0","0","0","0","0","0"
"90","Pigeon Guillemot","Pigeon Guillemot","Pigeon Guillemot","Pigeon Guillemot","0","0","0","0","0","0","0","0","0","0","0","0","0","0","0","0","0","0","0","0","0","0","0","0","0","0","0","0","0","0","0","0","0","0","0","0","0","0","0","0","0","0","0","0","0","0","0","0","0","0","0","0","0","0","0","0","0","0","0","0","0","0","0","0","0","0","0","0","0","0","0","0","0","0","0","0","0","0","0","0","0","0","0","0","0","0","0","0","0"
"91","Caspian tern","Caspian tern","Caspian tern","Caspian tern","0","0","0","0","0","0","0","0","0","0","0","0","0","0","0","0","0","0","0","0","0","0","0","0","0","0","0","0","0","0","0","0","0","0","0","0","0","0","0","0","0","0","0","0","0","0","0","0","0","0","0","0","0","0","0","0","0","0","0","0","0","0","0","0","0","0","0","0","0","0","0","0","0","0","0","0","0","0","0","0","0","0","0","0","0","0","0","0","0"
"92","Brown Pelican","Brown Pelican","Brown Pelican","Brown Pelican","0","0","0","0","0","0","0","0","0","0","0","0","0","0","0","0","0","0","0","0","0","0","0","0","0","0","0","0","0","0","0","0","0","0","0","0","0","0","0","0","0","0","0","0","0","0","0","0","0","0","0","0","0","0","0","0","0","0","0","0","0","0","0","0","0","0","0","0","0","0","0","0","0","0","0","0","0","0","0","0","0","0","0","0","0","0","0","0","0"
"93","Detritus","Detritus","Detritus","Detritus","0","1","0.831427204618407","0.503043589280746","0.23769778204928","0","0","0","0.224986290845247","0","0.352512696521998","0.192379250812848","0.00259276120953155","0.0977681553452123","0","0.0174242970287896","0","0","0","0","0","0","0","0","0","0","0","0","0","0","0","0","0","0","0","0","0","0","0","0","0.0184921153466787","0","0","0","0.0355325524473724","0","0","0.144238282337004","0.0028286088098104","0","0","0","0","0","0","0.0159421919342805","0","0","0","0","0","0","0","0","0","0","0","0","0","0","0","0","0","0","0","0","0","0","0","0","0","0","0","0","0","0","0","0","0"
"94","Import","Import","Import","Import","0","0","0","0","0","0","0","0","0","0","0","0","0.0249270597634893","0","0","0","0.0494813594391287","0","0","0.00213028844646694","0.00551895871810841","0.0188572615874537","0","0.00836977258085578","0.0789696545830643","0.0398037650501853","0.124832359856303","0","0","0","0","0","0.0106525422710838","0.0351400777838591","0","0","0","0","0","0","0.169119098338744","0","5.6214128365402e-05","0.0166010880527486","0.0542922576615746","0.735530623942768","0.00885717638523017","0","0.00436008439785572","0.0033794767324758","0","0","0.0269394095480993","0","0.0609683667710497","0","0","0.0202193320882658","0.120994016846772","0.00744718536241864","0.158454035525362","0.0202530004282798","0.00141466190489062","0.412463274568393","0.0315107151213474","0.500815602367012","0.804281525548175","0.541380317683418","0.476870511764665","0","0.75807905967151","0.397529350911873","0.0586686616492066","0.517657920597716","0.0566214009086616","0","0","0.0431798121956333","0.066929001204794","0.324544782588257","0.626448884179761","0.454150189236329","0.483550904866735","0.364312101762685","0.207314780916863","0.147995209244963","0.307895272563781","0.172642217545151","0.0546298759564155"
