"","DIETS","phytoplankton","infauna","amphipods","epibenthic","micro-zoop","copepods","euphausiids","carniv-zoops","small jellies","large jellies","pandalid shp","benthic shp","Dungeness","tanner crb","mesopelagics","Benthic fish","surf perch","Other cephal.","Market squid","Sardine","Anchovy","Herring","Pacific Mackerel","Sandlance","White bait smelt","Other smelt","Saury","Juv. rock.","Juv. hake","Juv. flat.","Juv. round.","Juv. thorny.","Yellowtail rock.","Black rock.","Nearshore rock.","Yelloweye rock.","Greenstriped","Shelf rock.","Shortbelly","Petrale sole","Halibut","Hake","Lingcod","Arrowtooth","Sablefish","Albacore","Salmon","Grenadiers","Dogfish","Canary rock.","P. Ocean Perch","Widow rock.","Splitnose rock.","Slope rock.","Shortspine thorny.","Longspine thorny.","Flatfish","Skates","Sharks","Common murre","Cassin's auklet","Rhino. auklet","Tufted Puffin","Cali. gull","Western Gull","Kittiwake","Albatross","Fulmar","Shearwater","Leach's S. Petrel","Transient Orcas","Resident Orcas","Porpoises","Humpback whale","Minke whale","Fin whale","Sperm whale","Harbor seals","Sea Lions","Juv. Ele. Seal","Adult N. Ele. Seal","Fur seals","Blue whale","Gray whale","Dolphins","Brandt's corm.","Double corm.","Pelagic cormorant","Murrelet","Pigeon Guillemot","Caspian tern","Brown Pelican"
"1","phytoplankton","0","0","0.23768818482918","0","0.778978502811904","0.76471977143757","0.88630260981198","0.025235739370571","0.51608565592745","0","0","0","0","0","0","0","0","0","0","0.255341692289232","0.322995746990075","0","0","0","0","0","0","0","0","0","0","0","0","0","0","0","0","0","0","0","0","0","0","0","0","0","0","0","0","0","0","0","0","0","0","0","0","0","0","0","0","0","0","0","0","0","0","0","0","0","0","0","0","0","0","0","0","0","0","0","0","0","0","0","0","0","0","0","0","0","0","0"
"2","infauna","0","0","0","0.401021175554539","0","0","0","0","0","0","0.220032854342382","0.433919445744272","0.393493516299783","0.807158940125497","0","0.295896665939254","0.383692223027628","0","0","0.00168156261746182","0","0","0","0","0.05238725710163","0.00225757530563979","0","0.00682469940003406","0","0.585000825879549","0","0","0","0","0.0222642091549451","0","0","0.00312731457814488","0","0","0.000988292622524083","0.00183396279654323","0","0.000430805292250321","0.0152086843979471","0","0","0.140440526762419","0","0","0","0","0","0","0.0351663818038757","0.162654672544269","0.791156472853678","0.0275968971076971","0","0","0","0","0.0193066250108803","0","0.0033852588109419","0","0.000488831678775146","0","0.0353573851530579","0.0141023282585377","0","0","0","0","0","0","0","0","0","0","0","0","0","0.0157888904685286","0","0.0101617293056457","0","0.000964862837523734","0","0","0","0"
"3","amphipods","0","0","0","0.0243537943234037","0","0","0","0.0289410168248561","0","0","0.0155578858227124","0.0261840642615682","0.0193345793988668","0","0.0245290255291274","0.187863500680637","0.0705838443362535","0.0760879845144257","0.00388229772643726","0.00406093602670647","0","0.0371224573150423","0.00689326676011515","0.396981864315165","0.00859648616550892","0.175127628133226","0.038286482954328","0.00629903747281877","0.00271102057257669","0.215616491130837","0.0133703269646006","0","0.000211602247896958","0.00623404958589231","0.000749858580183053","0","0.00448831848685068","0.00658175836125404","0.0688186793924096","0.00558836335404937","0","0","0","0.00571076937696393","0.0000477891023689129","0","0.00937616064941175","0.0406330909699102","0.00533625929063701","0.00119685121562238","0.0313787649078473","0.0336022130982357","0.0190628628341209","0.00827235832944774","0.0505408267466283","0.0282768073770815","0.0579785570738397","0.0129614924520735","0","0","0.0217949278073711","0","0.00767276730134638","0.00498272968506901","0","0","0","0.0210073426323943","0.00159232463490231","0.0194300350841251","0","0","0","0","0.00088907303185379","0","0","0","0","0","0","0","0","0.678223883886888","0","0","0","0","0","0","0","0"
"4","epibenthic","0","0","0","0","0","0","0","0","0","0","0.0470336682800308","0.384189812350944","0.203457153096402","0.0994839691764628","0","0.390240586104184","0.235391107077958","0.0149405900145992","0","0","0","0.000872644836418089","0.0561058233959078","0","0.281913676293994","0.239145018464569","0","0.0268330650849122","0.00659661156762921","0.195882618389615","0","0","0.00336731714639622","0.0289438708281759","0.0699330814553371","0.174881840970604","0.0689716534972926","0.0531899706445859","0","0.128160350084338","0.0149199205729465","0.00371199101774545","0.0596160260180991","0.0220145404838958","0.0524268242679749","0","0","0.148271069425325","0.0432780139296994","0","0.00830303019195153","0","0.000701929171311299","0.0219450251630596","0.0596839930798403","0.19695625701414","0.128357792859838","0.108125021961117","0.00528771915246415","0","0.00408521271621573","0","0","0","0.00672954788007385","0","0","0","0.00782045702031677","0.000757236824666058","0","0","0","0","0.00482431733021892","0","0","0.0135622136081802","0.00656761784680366","0","0.0405663481136656","0","0","0.0181945171839177","0","0","0","0","0","0","0","0"
"5","micro-zoop","0","0","0","0","0","0.23528022856243","0.0536068531769311","0.0248714597230405","0.268657973322206","0.0109810628979621","0","0","0","0","0","0","0","0","0","0.0120055585532065","0","0","0","0","0","0","0","0","0","0","0","0","0","0","0","0","0","0","0","0","0","0","0","0","0","0","0","0","0","0","0","0","0","0","0","0","0","0","0","0","0","0","0","0","0","0","0","0","0","0","0","0","0","0","0","0","0","0","0","0","0","0","0","0","0","0","0","0","0","0","0","0"
"6","copepods","0","0","0","0","0","0","0.0600905370110889","0.497860758136868","0","0.293035714990398","0.116147075802744","0","0","0","0.318344755933562","0","0.259944739656044","0.074203873328413","0.0136899437097837","0.320841331090569","0.124306521008355","0.195417521581763","0.151906966745675","0.228448121393049","0.0119546436524868","0.151082313192005","0.0477460397448869","0.378341441066746","0.08381556169791","0","0.821497964837702","0.199410352569292","0","0","0","0","0.00248519278976256","0.0157537220751926","0.0790595202507528","0","0","0","0","0","0","0","0.031123409092428","0","0","0","0","0.00137521859838004","0.00506073080281379","0","0","0","0.00391459012250972","0","0","0","0.380571811134886","0","0.00162825324147647","0","0","0","0","0.0152306144252336","0","0.000849041684747594","0","0","0","0","0.00267700974105065","0.0058724187793317","0","0","0","0","0","0","0","0","0","0","0","0","0","0","0","0"
"7","euphausiids","0","0","0","0","0","0","0","0.344289994090515","0","0.645822408872787","0.214422372669152","0","0","0","0.519697633489693","0","0","0.520980164394933","0.218300479349054","0.389548389814412","0.430779701468297","0.664289032166549","0.609088553575758","0.257717100512509","0.297666879534227","0.15431885557918","0.68254339947258","0.454171287619546","0.795978740100322","0","0.115894925067989","0.481732214602892","0.533072706151566","0.240006295197032","0.0988427339004119","0","0.13568363711363","0.504145437805871","0.81295051054575","0.00161465181412157","0","0.708587969749495","0.00456916838539148","0.0741367858714607","0.0629659235464088","0.002985151566855","0.150601637780305","0","0.250330317373118","0.910037288845958","0.751873446518627","0.287717909296741","0.751246848771121","0.716873331287836","0","0","0.0025489529803607","0.0469498762457783","0.0145826145692061","0.00617405059838814","0.393692047103481","0.0929208925662019","0.0593702923437269","0","0.00936199107976704","0.0105664893113505","0","0.0180664724496842","0.0695170325325921","0.325472879519131","0","0","0","0.311768160839874","0.464958393133605","0.791215283398446","0","0","0","0","0.00211959990030275","0","0.512147201425528","0.00000103518730272461","0","0","0","0","0.140122696616925","0","0","0"
"8","carniv-zoops","0","0","0","0","0","0","0","0","0","0.0149089342939686","0.0323630002946071","0","0","0","0.0482652140034386","0","0","0.150958187796075","0.628960535203971","0.00315962151266808","0.0166843407682022","0.0771022419391846","0.0186163311452198","0.106219023341182","0.278155188666217","0.120593748067561","0","0.00108783374811051","0.0172632555210486","0","0.0323311830698511","0.247234121655888","0.0233531052740737","0.128351512503424","0.0974193748898934","0","0.346487225283742","0.0175348875583641","0.0391712898110873","0","0","0.0210199379089731","0.00623031381663583","0.00067119904726482","0.00843200424933975","0.00417435620730194","0.168111135036838","0","0.00424082732059281","0.00509466814862371","0.0843537296891261","0.207360376819803","0.181271785168295","0.0533033256840361","0.0116223791559321","0","0.000358433371170731","0.00742456053263782","0","0","0.0101086390796613","0","0","0","0","0","0.00108271920231486","0","0","0","0","0","0","0","0.00122081252078565","0.010882782079911","0","0","0","0","0.0095338090602225","0","0","0.00382890076496348","0.0467402272656166","0","0","0.00230455717889509","0.0311930180438228","0","0","0"
"9","small jellies","0","0","0","0","0","0","0","0.0573130775615757","0","0.0352518789448844","0","0","0","0","0.0486773245614293","0","0","0.0992261834556099","0.00684420538818868","0.0125731096904334","0.0982366142967257","0.00160909360433066","0.0209806616713667","0","0","0.0717239186063733","0","0.000503885066610739","0","0","0","0.0716233111719278","0.0588816981887456","0.0140621887850183","0.116614557702561","0","0","0","0","0","0","0","0","0","0.0471740960984353","0","0.0130203916400915","0","0","0.000147952990438475","0","0.331794600696467","0","0","0.00504468905630041","0.00982601213519499","0","0","0","0","0","0","0","0","0","0","0","0","0","0","0","0","0","0","0.00184063492460094","0","0","0","0","0.0198771475541483","0.0113580810618774","0","0","0","0","0","0","0","0","0","0","0"
"10","large jellies","0","0","0","0","0","0","0","0.0214879542925734","0","0","0","0","0","0","0.023419727945987","0","0","0","0.0867983750735748","0","0","0","0.012582881575863","0","0","0.0477448603355524","0","0","0","0","0","0","0.0110444924187026","0.0434122978761751","0.106810036087321","0","0","0","0","0","0","0","0","0","0.0241049104627291","0","0.00226111526202247","0","0.0505137377944515","0","0","0.0453365382575225","0","0.00553382841823394","0","0","0","0","0","0","0","0","0","0","0","0","0","0","0.00160834141324373","0.208605712237083","0","0","0","0","0","0","0","0","0","0","0","0","0","0","0","0","0","0","0","0","0","0"
"11","pandalid shp","0","0","0","0","0","0","0","0","0","0","0","0","0","0","0","0.00537873497083846","0.00451469354986058","0.0140345047914663","0","0","0","0","0","0","0","0","0","0.0300684379672555","0","0","0","0","0.0227840076152274","0","0.000173211924541447","0.0938231498575164","0.371343555889096","0.044324065979045","0","0.00720549122483354","0.0232616264586448","0.00720220663515345","0.0115187802670952","0.0499723429079716","0.013904332187978","0","0","0.00910979840280604","0.01225681510178","0.0368651553684904","0.0154257546860551","0.000234608112026017","0","0.0823230656972204","0.0760553480149558","0.00621108701687176","0.00530867013889264","0.0120651512372069","0","0","0.01242402116129","0","0","0","0","0","0","0","0","0","0","0","0","0","0","0","0","0","0","0","0","0","0","0","0","0","0","0.00357749128082399","0","0","0","0"
"12","benthic shp","0","0","0","0","0","0","0","0","0","0","0","0","0.212449480102261","0","0","0.0418010741291434","0.00260096068868123","0.00802919095329193","0","0","0","0","0.00397508268778873","0","0","0","0","0.0654792694559388","0.0129544936229886","0.00350006459999903","0","0","0","0.040399137566275","0.231892951441979","0.00497322629751465","0.00827850445248567","0.00967831240276174","0","0.198787901630695","0.0186263435414306","0.0184861032622111","0.0103438395230187","0.000622424210377073","0.000283544734360622","0","0","0.0465076769899365","0.0194287446806715","0","0","0","0.00230397240407925","0.00889728803432859","0.133823895436864","0.226022397117303","0.00795497071753036","0.297693116316911","0","0","0","0","0","0","0","0","0","0","0","0","0","0","0","0","0","0","0","0","0","0","0","0","0","0","0","0","0","0.00618535393750169","0","0","0","0"
"13","Dungeness","0","0","0","0","0","0","0","0","0","0","0","0","0.00295928722974891","0","0","0.00651373475439231","0","0","0","0","0","0","0","0","0","0","0","0","0","0","0","0","0","0","0.000661716487026881","0","0","0","0","0.00142731540932141","0.013516847709421","0","0.0530584535754688","0.00109465500904799","0.000396341930996886","0","0","0","0.0341788748971489","0","0","0","0.000428828952476489","0","0","0","0","0.0537484782170735","0.00111884586862904","0","0","0","0","0","0.000521385685710089","0","0","0","0","0","0","0","0","0","0","0","0","0.0207023359380223","0","0","0","0","0","0","0","0","0","0","0","0","0","0"
"14","tanner crb","0","0","0","0","0","0","0","0","0","0","0","0","0","0","0","0.00163016858725261","0","0","0","0","0","0","0","0","0","0","0","0.0100451211467493","0","0","0","0","0","0","0","0","0","0","0","0","0.00124421052457877","0","0","0.000278024033271941","0.000680854273197108","0","0","0","0","0","0","0","0","0","0.167575142101748","0.119367612518269","0","0.00748412270550546","0","0","0","0","0","0","0","0","0","0","0","0","0","0","0","0","0","0","0","0","0","0","0","0","0","0","0","0","0","0","0","0","0","0"
"15","mesopelagics","0","0","0","0","0","0","0","0","0","0","0","0","0","0","0.00439584616327953","0","0","0.0211429639989271","0","0","0","0","0","0","0","0","0","0.00143882042182471","0.059611017619635","0","0","0","0.056934995888786","0","0","0","0.0167108757388254","0.0739751692916404","0","0","0","0.103156475253091","0.00547792064328692","0.0053691695702257","0.0169897618813184","0.00264724948542816","0.00905987689618058","0.0522895804503143","0","0.0158268682287295","0.0563805393179171","0.0262547282148182","0.0119899177406154","0.0496608378869175","0.0409298300823457","0.110325410159146","0","0.0231813906187195","0.00809029981164391","0.0138924871680635","0","0","0.0838678651469161","0","0.0454732059159236","0.0113551196936765","0.00000150624526340177","0","0.000573065190859691","0.270783767510272","0","0.0127215903243891","0.0377219875202708","0","0","0.0533536816812986","0.0388202076896379","0.0349334906938189","0.0173389531989181","0.0412702769482517","0","0.0160771257861096","0","0","0.229159955865805","0.0371367231600908","0.0125481250949745","0.00103210369311358","0","0","0","0"
"16","Benthic fish","0","0","0","0","0","0","0","0","0","0","0","0","0.013830369483447","0","0","0","0","0","0","0","0","0","0.0159655202664029","0","0","0","0.0464716187370903","0.00845734696370854","0","0","0","0","0.0153145680783003","0.0249855036911541","0.0262630418023966","0.136415757659045","0","0.0235338475303855","0","0.11322032581767","0.0204319425633883","0.00539590363901209","0.238489416804366","0.0057658104662956","0.0592068128662201","0","0.00155312859193173","0.0547162551675906","0.0590422645085128","0","0.0131381577918129","0","0.000262765583778831","0","0.0490278346994426","0.0486015697208982","0","0.0169490767005037","0.0174694492411295","0.105470988085525","0","0","0","0","0.00224285714624712","0","0","0","0","0.0000643603377594647","0","0.0312394133583196","0.0238476222056875","0","0","0","0","0.0376540262024372","0.0200803602595695","0.0298454879071209","0","0.00638312324717289","0","0","0.00723999825340097","0.0330830928641627","0.0254338389253754","0.397543917333015","0","0.401951957635448","0.0517450048556782","0"
"17","surf perch","0","0","0","0","0","0","0","0","0","0","0","0","0","0","0","0","0","0","0","0","0","0","0","0","0","0","0","0","0","0","0","0","0","0","0.0319873415735951","0","0","0","0","0","0.00177993407202955","0","0.000310814813652148","0","0","0","0","0","0.000849542268391655","0","0","0","0","0","0","0","0","0.00175707087053055","0","0.0367216603068054","0","0","0","0","0.00207605395200297","0","0","0","0","0","0","0","0","0","0","0","0","0.0156103400368527","0.00619014915761986","0.00409368915973856","0","0","0","0","0.00716588731133023","0.0424868262472021","0.373941092680868","0","0.0100635244942442","0.00310036143659941","0.172492604131513","0"
"18","Other cephal.","0","0","0","0","0","0","0","0","0","0","0","0","0.0026665854208641","0","0.0126704723734836","0.000342397536369085","0","0.0000000348743434874102","0.00470202510706615","0","0.0000379778172957132","0","0.00222039426143326","0","0","0","0","0","0.000269236433171173","0","0","0","0.0268352136682411","0","0.0169546651737801","0.00461298068143218","0.0139562202279065","0.00417804742272467","0","0.00344324474892978","0","0.0429713534323544","0.132676301855682","0.00323100313428469","0.090181681972366","0.0372141337970139","0.000636546674393093","0.303936921580298","0.0421440385881352","0","0.0226566068682921","0.00557843053667424","0.00119926814618828","0.014382492252668","0.0233409381094544","0.0451435662352141","0","0.0529419036965743","0.165447026030456","0.0208958802873006","0.000199876376298014","0.00739924295476148","0.00954261079081822","0.158488711961002","0.00717497399104315","0","0.166214395896403","0.371533861644718","0.112825921927249","0.0324123301975856","0","0.0605899124776669","0.35545878937787","0.00266168306199393","0.0260750873662951","0.0424073753156057","0.607728414835632","0.0255254693179831","0.10952986449471","0.134113111308154","0.230599355116581","0.105987047456949","0","0","0.206957771036307","0.00719513531148233","0","0.000196699866296591","0","0.0181139407234458","0","0"
"19","Market squid","0","0","0","0","0","0","0","0","0","0","0","0","0","0","0","0","0","0","0","0","0","0","0.066783927288505","0","0","0","0","0","0","0","0","0","0.0410732894748635","0","0","0","0","0.0102385444421658","0","0","0.0621648113198657","0.00053830674658612","0.00298277965069436","0","0.00579391955813765","0.00532910609861719","0.0327611905498551","0","0.0150490308219699","0","0.00731846524621904","0","0","0","0","0","0","0.0195654697577473","0.0098468422432059","0.110577472862881","0","0.0461653533846612","0.00658032555663097","0.22142311434341","0.0939076702634935","0.36259393992141","0","0.0569896355257971","0.165666909940318","0","0","0","0.147170155491977","0","0","0","0","0.019805876974301","0.107469617608471","0.219204980858055","0.00136755472029038","0.0378923936706673","0","0","0.0669975817218141","0.0055750576186504","0","0","0.0949629844151357","0","0","0"
"20","Sardine","0","0","0","0","0","0","0","0","0","0","0","0","0","0","0","0","0","0","0","0","0","0","0","0","0","0","0","0.0104497545857444","0","0","0","0","0","0","0","0.0547309700469732","0","0","0","0","0.145619062408612","0.0088211315639838","0","0","0.0119192120374264","0.0101958106096235","0.0575188846888227","0","0.0439493608876278","0","0","0","0","0","0","0","0","0","0.045319403178752","0","0","0","0","0","0","0","0","0","0","0","0","0.00252859329699434","0.0316185567890604","0.0959711760371124","0.113453293616787","0.0275154614543776","0.0736879273982513","0","0.113905551520893","0","0","0.012280817395611","0","0","0.0438806355881307","0","0","0","0.0287916366449772","0","0.0463667158322947","0.252673243818038"
"21","Anchovy","0","0","0","0","0","0","0","0","0","0","0","0","0.000925406538543799","0","0","0","0","0.00196597547341709","0.0126666013799234","0","0","0","0","0","0","0","0.0184955621597038","0","0","0","0.000872513786708384","0","0","0.137630311820656","0.059174231440674","0.0025970360016427","0","0.094155876124313","0","0.0539693244715948","0.0734177450000859","0.00454401223645598","0.0128796635041989","0","0.0127616424878652","0.0566551504463517","0.207348634026496","0","0.0411396339241927","0","0","0","0","0","0","0","0.000376326597897896","0.000631710285436832","0.0898471478020565","0.178479420204829","0","0.1496326469944","0.00846082396533175","0.193064203120319","0.116344048100067","0.0895359725221413","0","0","0.0726609437075444","0","0","0","0.0781615673997921","0.0461025515210783","0.129991360236774","0.0247559537824222","0","0.123023500103646","0.0195773364051903","0.000810703814844592","0","0.0784624761481138","0","0","0.0402448573333349","0.109599429053583","0.13639923611372","0","0.201496414947617","0","0.0753002629953703","0.640442607586597"
"22","Herring","0","0","0","0","0","0","0","0","0","0","0","0","0.0203117750698825","0","0","0.00765382634954478","0","0","0","0","0","0","0","0","0","0","0","0","0.00953688914355944","0","0.00242090351195205","0","0.0800868006073303","0.102476068094794","0.00296836825329183","0.271240729183617","0.0131962992153619","0.0602921155896246","0","0.0258817964202633","0.0247733161029761","0.0103946308685088","0.0244704314563889","0.121139221014259","0.0451277450852015","0.00110522715932844","0.132410110148019","0","0.0483408403700994","0.0250591325710512","0","0","0","0","0.00774450958175624","0","0","0","0.0270173023512981","0.0700412182331169","0","0.0710961421954191","0","0","0.148406298786728","0","0","0","0.00319917240365215","0","0","0.0585058210314144","0.00548759165779115","0.0253661417461944","0.0259089483139452","0.0193216001886637","0","0.0285308819052521","0.0152092448813146","0","0","0.0294242412649876","0","0","0","0.0197570735013929","0.0138898044361788","0","0.139076691332107","0","0.0517368507776122","0"
"23","Pacific Mackerel","0","0","0","0","0","0","0","0","0","0","0","0","0","0","0","0","0","0","0","0","0","0","0","0","0","0","0","0","0","0","0","0","0","0","0","0","0","0","0","0","0.0488859530784598","0","0","0","0","0","0","0","0","0","0.00780429349420229","0","0","0","0","0","0","0","0.06112796589596","0","0","0","0","0","0","0","0","0","0","0","0","0.0177228373515518","0.000757828161330086","0","0.0108709256803197","0","0","0","0.0151640044164858","0","0","0","0","0","0.0338769016568208","0","0","0","0","0","0","0.0199113485927727"
"24","Sandlance","0","0","0","0","0","0","0","0","0","0","0","0","0.0201121022287865","0","0","0","0","0","0","0","0","0","0.0284960280307414","0","0","0","0.0465600263988007","0","0","0","0.0035724800244349","0","0.0123925582790309","0.0101762897001642","0","0","0.0107583737095036","0","0","0.00120370585271068","0.0269032941601415","0","0.012047344306209","0.0498758729127517","0","0","0.017243413227962","0","0.00421319239624204","0.00555824926872777","0","0","0.00107424342129587","0.0388084472462525","0","0","0.00204523328428224","0.0200277133359967","0","0.0295835377306013","0","0.249114342185688","0.319799226150306","0","0.198556096669621","0","0","0","0","0","0","0","0","0","0.0204258929643364","0.0246754433199431","0","0.0179524222170565","0.00864946188489105","0","0","0","0","0","0","0","0.0155673843345076","0.0608641856979836","0.131450974377777","0.0210303581360166","0.0325143990277037","0"
"25","White bait smelt","0","0","0","0","0","0","0","0","0","0","0","0","0.0115537982375232","0","0","0","0","0","0","0","0","0","0","0","0","0","0","0","0","0","0.00448410444836203","0","0","0.0830473141282538","0.0821949254528059","0","0","0","0","0","0","0.000314060385155562","0.0223450182775761","0","0","0","0.00749705988744599","0","0.000794065740586622","0","0","0","0","0","0","0","0","0","0","0.0143227513907764","0","0.00512284866455364","0","0","0","0","0","0","0","0","0","0","0","0","0.0179122570083115","0","0","0.0126730392092886","0.000608823597288121","0","0","0","0","0","0","0","0","0","0","0","0.00427155561967681","0"
"26","Other smelt","0","0","0","0","0","0","0","0","0","0","0","0","0.0412345230693898","0","0","0","0","0.0155553774579819","0","0","0","0","0","0","0","0","0","0","0","0","0","0","0.00539573461602782","0.00698412718149438","0","0","0.0076401435955434","0","0","0","0.00640258834104421","0.00572126857389273","0","0.00695072323564907","0","0","0.0420594467439438","0","0.00583653589949035","0","0.00136721128794959","0.0154754589768272","0","0","0","0","0","0","0","0.0523141483859543","0","0.0632186065701028","0","0","0","0","0","0","0","0","0","0","0.0236232197594144","0","0.0275420205445349","0","0","0.105049621004756","0.0121441472772472","0","0","0.00180018647284259","0","0","0","0.0100661031244284","0","0","0.0789310628995416","0","0.0612414558753744","0"
"27","Saury","0","0","0","0","0","0","0","0","0","0","0","0","0","0","0","0","0","0","0","0","0","0","0","0","0","0","0","0","0","0","0.00555559828839968","0","0","0","0","0","0","0","0","0","0","0.00222514844680201","0.00819838848673149","0","0.00413325781746157","0.0487045025638452","0.0191065398490766","0","0.0134381453534173","0","0","0","0","0","0.00470723852418103","0","0","0","0.0222147233273295","0","0","0.0502985724352012","0.0822713349850029","0","0.174626133243109","0","0.0158766805775798","0","0.0387674836626723","0","0","0","0.0170198720203602","0","0.0227762818410233","0","0","0","0.00834612003966078","0","0","0.0360327942564955","0","0","0.00340810464319291","0","0","0","0","0","0","0.0381324296885491"
"28","Juv. rock.","0","0","0","0","0","0","0","0","0","0","0","0","0.00022347628236867","0","0","0.00716879258036874","0","0.00132607777212196","0.0179303600752963","0","0","0","0.00326516558609119","0","0","0","0","0","0","0","0","0","0.0332503592489461","0.0278129662384346","0.00942998259725055","0.0173896159005658","0","0.0148301769338727","0","0.000203519252237763","0","0.00594302214903125","0.0041254105953826","0.000989165582086503","0.0298511103515632","0.00104556571985637","0.0524209453190588","0","0.0164447505800959","0","0","0.0152771284651856","0","0","0.0591946517029637","0.0206617225621061","0","0.0111996264177224","0","0.196849935327392","0","0.142203178541789","0.372153825089271","0","0.0588163738252673","0","0","0.018788286046243","0.0256623562390428","0.127522308346092","0","0","0.00127087420992301","0.0256123405867908","0.000769865934761605","0","0","0.00932607693112511","0.123497887650528","0.0235779678084801","0","0","0","0","0.0172139472519004","0.449201574192115","0.0978163502171621","0.367837481587062","0.0941904006366924","0.181289999683273","0","0.0335156884416501"
"29","Juv. hake","0","0","0","0","0","0","0","0","0","0","0","0","0","0","0","0","0","0","0","0","0","0","0","0","0","0","0","0","0.0112631737211589","0","0","0","0.0129475995542007","0.00258705756602623","0","0","0","0.0326580205461225","0","0.000740377471075329","0.0112155190636691","0.0394424584527292","0","0.168516171212287","0.0176144048736962","0.0633281727067932","0.010379288716513","0.0398875209748244","0.0191213344709592","0","0","0","0","0","0","0","0","0","0.0403733989881283","0.0772753646233598","0","0.00278487668515653","0","0","0.0379203533840976","0","0","0","0.000322851296229959","0","0","0","0","0","0.0494357049262982","0","0","0.00561644347914608","0.0968225476387493","0.119709486140299","0","0","0","0","0.0876755884592962","0","0","0","0","0","0.000946461356028616","0"
"30","Juv. flat.","0","0","0","0","0","0","0","0","0","0","0","0.00332633797069012","0.0109007797435026","0","0","0.0245747279070566","0","0.000755568921187776","0.00622517698670418","0","0","0","0.000955806988843273","0","0","0","0","0","0","0","0","0","0.00482827390591767","0","0","0","0","0.00368402051863368","0","0.022188709155382","0.00726087503066267","0","0.0323510223243737","0.010796730219184","0.00894069384843854","0","0.0112345506498457","0","0.016744731089337","0","0","0.00148911005846322","0","0","0","0","0","0.0531807749970581","0","0.0289565579788251","0","0","0","0","0.00959077027030993","0","0","0","0","0","0","0","0","0","0","0","0","0","0.0131375616528874","0.000422799198258284","0","0","0","0","0.0152505797434916","0.12429130427679","0.00425823698744088","0.0018897226252476","0","0.164316585837214","0.000195699315698991","0"
"31","Juv. round.","0","0","0","0","0","0","0","0","0","0","0","0","0.00145688842429242","0","0","0.00114664312670341","0","0.000793322253206807","0","0","0","0","0.00216359002028857","0","0","0","0","0","0","0","0","0","0.00389603985030834","0","0.00400095781743873","0","0","0.00310846269287794","0","0","0.0085884781966088","0","0.0264196086490788","0.00444444308401197","0.0207096818252509","0","0.012383092432475","0","0.0120719511762353","0","0","0.00173500599145009","0","0","0","0","0","0.0103099789971651","0.0028232528141339","0.0228047075355467","0","0.00393580336532397","0.0258852743305484","0","0","0","0","0","0.00256146134397333","0","0","0","0.00520446760695676","0","0","0","0","0.0105412795486104","0.0145123035308723","0.00995581166955916","0","0.00696016405079023","0","0","0","0.0059110714545294","0","0","0","0.0137717311979804","0","0"
"32","Juv. thorny.","0","0","0","0","0","0","0","0","0","0","0","0","0","0","0","0","0","0","0","0","0","0","0","0","0","0","0","0","0","0","0","0","0","0","0","0","0","0","0","0","0","0","0","0","0.0511804550646459","0","0","0","0","0","0","0","0","0","0.0646308735863965","0","0","0","0","0","0","0","0","0","0","0","0","0","0","0","0","0","0","0","0","0","0","0","0","0","0","0","0","0","0","0","0","0","0","0","0","0"
"33","Yellowtail rock.","0","0","0","0","0","0","0","0","0","0","0","0","0","0","0","0","0","0","0","0","0","0","0","0","0","0","0","0","0","0","0","0","0","0","0","0.0245657498184744","0","0.00135721507605653","0","0","0.00132564772544089","0","0.00573082779731222","0.00140589912423941","0.00178028690913849","0","0","0","0.000391482305668317","0","0","0","0","0","0","0","0","0.0017919685188186","0.00320007704104978","0","0","0","0","0","0","0","0","0","0","0","0","0.00119920994302512","0.00495229716788492","0","0","0","0.0155297674448217","0.00507833333470768","0.00536711470188089","0","0.000465789140228033","0.0100942277364282","0","0","0","0","0","0","0","0","0","0"
"34","Black rock.","0","0","0","0","0","0","0","0","0","0","0","0","0","0","0","0","0","0","0","0","0","0","0","0","0","0","0","0","0","0","0","0","0","0","0","0.00465718470086828","0","0","0","0","0","0","0.00100699012341133","0","0","0","0","0","0","0","0","0","0","0","0","0","0","0.000335405913358306","0.00091564177266308","0","0","0","0","0","0","0","0","0","0","0","0","0","0.00362971359657657","0","0","0","0.00483226254083462","0.00106623396090069","0.00139054886074849","0","0","0.00507349278764855","0","0","0","0","0","0","0","0","0","0"
"35","Nearshore rock.","0","0","0","0","0","0","0","0","0","0","0","0","0","0","0","0","0","0","0","0","0","0","0","0","0","0","0","0","0","0","0","0","0","0","0","0.00703744862031733","0","0","0","0","0","0","0.000323924499254934","0","0.00046782789036669","0","0","0","0","0","0","0","0","0","0","0","0","0","0","0","0","0","0","0","0","0","0","0","0","0","0","0.00464357068792616","0.00333200176085979","0","0","0","0.00281246730235635","0.00020620474807463","0.00200593527472816","0","0","0.000989121579813672","0","0","0","0","0","0","0","0","0","0"
"36","Yelloweye rock.","0","0","0","0","0","0","0","0","0","0","0","0","0","0","0","0","0","0","0","0","0","0","0","0","0","0","0","0","0","0","0","0","0","0","0","0","0","0","0","0","0","0","0","0","0","0","0","0","0","0","0","0","0","0","0","0","0","0","0","0","0","0","0","0","0","0","0","0","0","0","0","0.000691985717986515","0","0","0","0","0","0","0","0","0","0","0","0","0","0","0","0","0","0","0","0"
"37","Greenstriped","0","0","0","0","0","0","0","0","0","0","0","0","0","0","0","0","0","0","0","0","0","0","0","0","0","0","0","0","0","0","0","0","0","0","0","0.000530157981130983","0","0","0","0","0","0","0.00142096046576718","0","0","0","0","0","0","0","0","0","0","0","0","0","0","0","0","0","0","0","0","0","0","0","0","0","0","0","0","0","0.00415728360622506","0","0","0","0.00576994709531785","0.00502050617225213","0.000428004892219935","0","0","0.0000929180416580763","0","0","0","0","0","0","0","0","0","0"
"38","Shelf rock.","0","0","0","0","0","0","0","0","0","0","0","0","0","0","0","0","0","0","0","0","0","0","0","0","0","0","0","0","0","0","0","0","0","0","0","0.0119766869795044","0","0.000255499898424015","0","0","0.000428642856656159","0","0.00511742896630067","0.000954163247252925","0.0000402700432579633","0","0","0","0","0","0","0","0","0","0.00214388803966342","0","0","0.00887883286633621","0.00110894545706535","0","0","0","0","0","0","0","0","0","0","0","0","0.00378575658767698","0.00749972036408461","0","0","0","0.0116255753785538","0.0129703532353049","0.00999824775571063","0","0.00202820752029345","0.0135778335655156","0","0","0","0","0","0","0","0","0","0"
"39","Shortbelly","0","0","0","0","0","0","0","0","0","0","0","0","0","0","0","0","0","0","0","0","0","0","0","0","0","0","0","0","0","0","0","0","0","0","0","0.0107930738575847","0","0.00185382897027879","0","0","0.00217132538380099","0","0.00517371336311016","0.00108657319265161","0.0170471626198771","0","0","0","0.00113945006431311","0","0","0","0","0","0.000514739620560729","0","0","0.0187231049474372","0.00108458884685398","0","0","0","0","0","0","0","0","0","0","0","0","0.00133837457526607","0.00100639555611286","0","0","0","0.0191756358136536","0.00675489380319383","0.00624926824359502","0","0.00174212649924409","0.00664252125712672","0","0","0","0","0","0","0","0","0","0"
"40","Petrale sole","0","0","0","0","0","0","0","0","0","0","0","0","0","0","0","0","0","0","0","0","0","0","0","0","0","0","0","0","0","0","0","0","0","0","0","0","0","0","0","0","0.000732513092561145","0","0.00456764073262083","0.00166185533292148","0","0","0","0","0.0000513406921241384","0","0","0","0","0","0","0","0","0.00361251433860424","0.000975805047986366","0","0","0","0","0","0","0","0","0","0","0","0","0","0","0","0","0","0","0.00583866592063997","0","0","0","0","0","0","0","0","0","0","0","0","0","0"
"41","Halibut","0","0","0","0","0","0","0","0","0","0","0","0","0","0","0","0","0","0","0","0","0","0","0","0","0","0","0","0","0","0","0","0","0","0","0","0","0","0","0","0","0","0","0","0","0","0","0","0","0","0","0","0","0","0","0","0","0","0","0.00331365035300097","0","0","0","0","0","0","0","0","0","0","0","0","0.011436239614254","0","0","0","0","0.0137565752295695","0","0","0","0","0","0","0","0","0","0","0","0","0","0","0"
"42","Hake","0","0","0","0","0","0","0","0","0","0","0","0","0","0","0","0","0","0","0","0","0","0","0","0","0","0","0","0","0","0","0","0","0.0164986133498946","0","0","0","0","0","0","0","0.194332492448945","0","0.101952176018669","0.373589328134544","0.214660012288473","0","0","0","0.153953669458137","0","0","0.0241409335665388","0","0","0.121328570948048","0","0","0.0211256590355155","0.203646845802737","0","0","0","0","0","0","0","0","0","0","0","0","0.0206650263881447","0.128318755114381","0","0","0","0.0453458814168501","0.104983319517419","0.104344946489936","0","0.0310628832370408","0.100102403609478","0","0","0","0","0","0","0","0","0","0"
"43","Lingcod","0","0","0","0","0","0","0","0","0","0","0","0","0","0","0","0","0","0","0","0","0","0","0","0","0","0","0","0","0","0","0","0","0","0","0","0","0","0","0","0","0","0","0","0","0.0000454653673385808","0","0","0","0.00947391870642369","0","0","0","0","0","0","0","0","0","0.00351969542762612","0","0","0","0","0","0","0","0","0","0","0","0","0.048757860590018","0","0","0","0","0.0205716043456394","0.0292984176049451","0.00965893817240929","0","0","0","0","0","0","0","0","0","0","0","0","0"
"44","Arrowtooth","0","0","0","0","0","0","0","0","0","0","0","0","0","0","0","0","0","0","0","0","0","0","0","0","0","0","0","0","0","0","0","0","0","0","0","0","0","0.00705355666273324","0","0","0.00735743822011294","0","0","0","0.00114828593129617","0","0","0","0.00043879451259224","0","0","0","0","0","0.000668855805189646","0","0","0.00573192780730002","0.00252907759077468","0","0","0","0","0","0","0","0","0","0","0","0","0.00399598082905481","0","0","0","0","0","0.00882219377713241","0","0","0","0","0","0","0","0","0","0","0","0","0","0"
"45","Sablefish","0","0","0","0","0","0","0","0","0","0","0","0","0","0","0","0","0","0","0","0","0","0","0","0","0","0","0","0","0","0","0","0","0","0","0","0","0","0","0","0","0.00236353801741437","0","0","0","0","0","0","0","0","0","0","0","0","0","0","0","0","0.0112836179449025","0","0","0","0","0","0","0","0","0","0","0","0","0","0.0215174087013476","0.00900345581690741","0","0","0","0.0378870754628603","0","0.010594327294164","0","0","0.0116840579910639","0","0","0","0","0","0","0","0","0","0"
"46","Albacore","0","0","0","0","0","0","0","0","0","0","0","0","0","0","0","0","0","0","0","0","0","0","0","0","0","0","0","0","0","0","0","0","0","0","0","0","0","0","0","0","0","0","0","0","0","0","0","0","0","0","0","0","0","0","0","0","0","0","0.00189272629166429","0","0","0","0","0","0","0","0","0","0","0","0","0.000194626395231247","0","0","0","0","0","0","0","0","0","0","0","0","0","0","0","0","0","0","0","0"
"47","Salmon","0","0","0","0","0","0","0","0","0","0","0","0","0","0","0","0","0","0","0","0","0","0","0","0","0","0","0","0","0","0","0","0","0","0.0544528884508989","0.00845477550607985","0","0","0","0","0","0.0139302037590256","0","0.000930499196484076","0.000260894853219739","0.00286152795066832","0.000750020969276846","0","0","0","0","0","0","0","0","0","0","0","0","0.00690513659455527","0.0243117312692908","0","0.0941994658172684","0","0","0.059108839621709","0","0","0","0","0","0","0.261385641427544","0.018954670593201","0","0.0168339285635898","0","0","0.0862389492293785","0.0328205183246543","0","0","0.0429152276437806","0","0","0","0","0.00253402981601499","0","0","0","0.434842790774678","0"
"48","Grenadiers","0","0","0","0","0","0","0","0","0","0","0","0","0","0","0","0","0","0","0","0","0","0","0","0","0","0","0","0","0","0","0","0","0","0","0","0","0","0","0","0","0","0","0","0","0.00638417810440825","0","0","0","0","0","0","0","0","0","0.00551995102994009","0","0","0","0","0","0","0","0","0","0","0","0","0","0","0","0","0.0106460966931703","0","0","0","0","0.0295598625820104","0","0","0","0.005808252148076","0","0","0","0","0","0","0","0","0","0","0"
"49","Dogfish","0","0","0","0","0","0","0","0","0","0","0","0","0","0","0","0","0","0","0","0","0","0","0","0","0","0","0","0","0","0","0","0","0","0","0.00977419411755927","0","0","0","0","0","0","0","0.000396969938274936","0","0.00292022621737886","0","0","0","0","0","0","0","0","0","0","0","0","0","0.00637350171893682","0","0","0","0","0","0","0","0","0","0","0","0","0.00858942768609639","0.00124200905811813","0","0","0","0.0257771700196474","0","0.00586423873194917","0.0225452772595609","0.00690836156098297","0","0","0","0","0","0","0","0","0","0","0"
"50","Canary rock.","0","0","0","0","0","0","0","0","0","0","0","0","0","0","0","0","0","0","0","0","0","0","0","0","0","0","0","0","0","0","0","0","0","0","0","0.00210306968820624","0","0","0","0","0","0","0.00100599592051901","0","0","0","0","0","0","0","0","0","0","0","0","0","0","0","0","0","0","0","0","0","0","0","0","0","0","0","0","0","0","0","0","0","0.000837040940396759","0.000213045391728183","0.000638766994715021","0","0","0.00200592985120674","0","0","0","0","0","0","0","0","0","0"
"51","P. Ocean Perch","0","0","0","0","0","0","0","0","0","0","0","0","0","0","0","0","0","0","0","0","0","0","0","0","0","0","0","0","0","0","0","0","0","0","0","0.00171111048596844","0","0","0","0","0","0","0","0","0","0","0","0","0","0","0","0","0","0","0","0","0","0","0","0","0","0","0","0","0","0","0","0","0","0","0","0","0.00106292614798091","0","0","0","0.00270105507458604","0.000838270068087878","0.00108396406921646","0","0","0.00213177996914572","0","0","0","0","0","0","0","0","0","0"
"52","Widow rock.","0","0","0","0","0","0","0","0","0","0","0","0","0","0","0","0","0","0","0","0","0","0","0","0","0","0","0","0","0","0","0","0","0","0","0","0.00850188048062358","0","0.000660685428768321","0","0","0.00159132143817254","0","0.00330424018467087","0.000512169815753132","0.0000612827479510648","0","0","0","0","0","0","0","0","0","0","0","0","0.000578289000633517","0.0033363867941621","0","0","0","0","0","0","0","0","0","0","0","0","0.000550011468978254","0.00106877700145938","0","0","0","0.0107675212085042","0.0037530878522476","0.00119186384427505","0","0.00243120664703854","0.0058560733725018","0","0","0","0","0","0","0","0","0","0"
"53","Splitnose rock.","0","0","0","0","0","0","0","0","0","0","0","0","0","0","0","0","0","0","0","0","0","0","0","0","0","0","0","0","0","0","0","0","0","0","0","0.0165249260032357","0","0.000287888469177336","0","0","0.000987387955633134","0","0","0.00121863343358045","0.000976172530325893","0","0","0","0","0","0","0","0","0","0.00129723594109266","0","0","0.00408052520150254","0.00202307189594969","0","0","0","0","0","0","0","0","0","0","0","0","0","0.00320372400874899","0","0","0","0.00898183899367849","0.0000625306293801476","0.00246028803387493","0","0.000496125793569117","0.00494012260510022","0","0","0","0","0","0","0","0","0","0"
"54","Slope rock.","0","0","0","0","0","0","0","0","0","0","0","0","0","0","0","0","0","0","0","0","0","0","0","0","0","0","0","0","0","0","0","0","0","0","0","0.00553000699807535","0","0","0","0","0","0","0","0","0.000107763287307321","0","0","0","0","0","0","0","0","0","0.00273832630215831","0","0","0.00363080277808688","0.000504997598488539","0","0","0","0","0","0","0","0","0","0","0","0","0","0.0000156820168831147","0","0","0","0.00418934837695591","0.000828439138164344","0.000404121425341959","0","0.000000000762561489680103","0.00359601067574818","0","0","0","0","0","0","0","0","0","0"
"55","Shortspine thorny.","0","0","0","0","0","0","0","0","0","0","0","0","0","0","0","0","0","0","0","0","0","0","0","0","0","0","0","0","0","0","0","0","0","0","0","0","0","0","0","0","0","0","0","0","0.0105351002033488","0","0","0","0","0","0","0","0","0","0","0","0","0","0","0","0","0","0","0","0","0","0","0","0","0","0","0","0","0","0","0","0.00205295813008793","0","0","0","0.0000101238008664267","0","0","0","0","0","0","0","0","0","0","0"
"56","Longspine thorny.","0","0","0","0","0","0","0","0","0","0","0","0","0","0","0","0","0","0","0","0","0","0","0","0","0","0","0","0","0","0","0","0","0","0","0","0","0","0","0","0","0","0","0","0","0.0105479898638832","0","0","0","0","0","0","0","0","0","0.0147563512191297","0","0","0","0","0","0","0","0","0","0","0","0","0","0","0","0","0","0","0","0","0","0","0","0","0","0","0","0","0","0","0","0","0","0","0","0","0"
"57","Flatfish","0","0","0","0","0","0","0","0","0","0","0","0","0.0167647928833789","0","0","0.0132274318897947","0","0","0","0","0","0","0","0","0","0","0","0","0","0","0","0","0.0263090310162487","0.0112985635730945","0.00343578464092818","0.145403397787099","0","0.0135415749969817","0","0.436364923292778","0.0669553024263246","0.0096900568822751","0.198998926060577","0.0731257802357467","0.0470671638449405","0","0.00346900218883896","0","0.0636524825327911","0","0","0.00262773931086689","0","0","0.00502538838399887","0.00357552773279145","0","0.111347852685086","0.0297095580716304","0","0","0","0","0","0","0","0","0","0","0","0","0.0295613741666516","0.020994811182418","0","0","0","0","0.196595843357884","0.0260950327673769","0","0.00218012775913516","0.00350066802818633","0","0","0","0","0","0","0","0","0","0"
"58","Skates","0","0","0","0","0","0","0","0","0","0","0","0","0","0","0","0","0","0","0","0","0","0","0","0","0","0","0","0","0","0","0","0","0","0","0","0","0","0","0","0","0","0","0","0","0.000228087013626192","0","0","0","0","0","0","0","0","0","0","0","0","0","0.00106549388459883","0","0","0","0","0","0","0","0","0","0","0","0","0.0107246008318397","0.00243740846722816","0","0","0","0.0175898627201543","0","0.0149687072867856","0.00975463592712483","0.0125415693645662","0","0","0","0","0","0","0","0","0","0","0"
"59","Sharks","0","0","0","0","0","0","0","0","0","0","0","0","0","0","0","0","0","0","0","0","0","0","0","0","0","0","0","0","0","0","0","0","0","0","0","0","0","0","0","0","0","0","0","0","0","0","0","0","0","0","0","0","0","0","0","0","0","0","0.0160044742480047","0","0","0","0","0","0","0","0","0","0","0","0.00100190366282011","0.000730403909657681","0.000386202890831635","0","0","0","0","0","0","0","0","0","0","0","0","0","0","0","0","0","0","0"
"60","Common murre","0","0","0","0","0","0","0","0","0","0","0","0","0","0","0","0","0","0","0","0","0","0","0","0","0","0","0","0","0","0","0","0","0","0","0","0","0","0","0","0","0","0","0","0","0","0","0","0","0","0","0","0","0","0","0","0","0","0","0","0","0","0","0","0","0","0","0","0","0","0","0","0","0","0","0","0","0","0","0","0","0","0","0","0","0","0","0","0","0","0","0","0"
"61","Cassin's auklet","0","0","0","0","0","0","0","0","0","0","0","0","0","0","0","0","0","0","0","0","0","0","0","0","0","0","0","0","0","0","0","0","0","0","0","0","0","0","0","0","0","0","0","0","0","0","0","0","0","0","0","0","0","0","0","0","0","0","0","0","0","0","0","0","0","0","0","0","0","0","0","0","0","0","0","0","0","0","0","0","0","0","0","0","0","0","0","0","0","0","0","0"
"62","Rhino. auklet","0","0","0","0","0","0","0","0","0","0","0","0","0","0","0","0","0","0","0","0","0","0","0","0","0","0","0","0","0","0","0","0","0","0","0","0","0","0","0","0","0","0","0","0","0","0","0","0","0","0","0","0","0","0","0","0","0","0","0","0","0","0","0","0","0","0","0","0","0","0","0","0","0","0","0","0","0","0","0","0","0","0","0","0","0","0","0","0","0","0","0","0"
"63","Tufted Puffin","0","0","0","0","0","0","0","0","0","0","0","0","0","0","0","0","0","0","0","0","0","0","0","0","0","0","0","0","0","0","0","0","0","0","0","0","0","0","0","0","0","0","0","0","0","0","0","0","0","0","0","0","0","0","0","0","0","0","0","0","0","0","0","0","0","0","0","0","0","0","0","0","0","0","0","0","0","0","0","0","0","0","0","0","0","0","0","0","0","0","0","0"
"64","Cali. gull","0","0","0","0","0","0","0","0","0","0","0","0","0","0","0","0","0","0","0","0","0","0","0","0","0","0","0","0","0","0","0","0","0","0","0","0","0","0","0","0","0","0","0","0","0","0","0","0","0","0","0","0","0","0","0","0","0","0","0","0","0","0","0","0","0","0","0","0","0","0","0","0","0","0","0","0","0","0","0","0","0","0","0","0","0","0","0","0","0","0","0","0"
"65","Western Gull","0","0","0","0","0","0","0","0","0","0","0","0","0","0","0","0","0","0","0","0","0","0","0","0","0","0","0","0","0","0","0","0","0","0","0","0","0","0","0","0","0","0","0","0","0","0","0","0","0","0","0","0","0","0","0","0","0","0","0","0","0","0","0","0","0","0","0","0","0","0","0","0","0","0","0","0","0","0","0","0","0","0","0","0","0","0","0","0","0","0","0","0"
"66","Kittiwake","0","0","0","0","0","0","0","0","0","0","0","0","0","0","0","0","0","0","0","0","0","0","0","0","0","0","0","0","0","0","0","0","0","0","0","0","0","0","0","0","0","0","0","0","0","0","0","0","0","0","0","0","0","0","0","0","0","0","0","0","0","0","0","0","0","0","0","0","0","0","0","0","0","0","0","0","0","0","0","0","0","0","0","0","0","0","0","0","0","0","0","0"
"67","Albatross","0","0","0","0","0","0","0","0","0","0","0","0","0","0","0","0","0","0","0","0","0","0","0","0","0","0","0","0","0","0","0","0","0","0","0","0","0","0","0","0","0","0","0","0","0","0","0","0","0","0","0","0","0","0","0","0","0","0","0","0","0","0","0","0","0","0","0","0","0","0","0","0","0","0","0","0","0","0","0","0","0","0","0","0","0","0","0","0","0","0","0","0"
"68","Fulmar","0","0","0","0","0","0","0","0","0","0","0","0","0","0","0","0","0","0","0","0","0","0","0","0","0","0","0","0","0","0","0","0","0","0","0","0","0","0","0","0","0","0","0","0","0","0","0","0","0","0","0","0","0","0","0","0","0","0","0","0","0","0","0","0","0","0","0","0","0","0","0","0","0","0","0","0","0","0","0","0","0","0","0","0","0","0","0","0","0","0","0","0"
"69","Shearwater","0","0","0","0","0","0","0","0","0","0","0","0","0","0","0","0","0","0","0","0","0","0","0","0","0","0","0","0","0","0","0","0","0","0","0","0","0","0","0","0","0","0","0","0","0","0","0","0","0","0","0","0","0","0","0","0","0","0","0","0","0","0","0","0","0","0","0","0","0","0","0","0","0","0","0","0","0","0","0","0","0","0","0","0","0","0","0","0","0","0","0","0"
"70","Leach's S. Petrel","0","0","0","0","0","0","0","0","0","0","0","0","0","0","0","0","0","0","0","0","0","0","0","0","0","0","0","0","0","0","0","0","0","0","0","0","0","0","0","0","0","0","0","0","0","0","0","0","0","0","0","0","0","0","0","0","0","0","0","0","0","0","0","0","0","0","0","0","0","0","0","0","0","0","0","0","0","0","0","0","0","0","0","0","0","0","0","0","0","0","0","0"
"71","Transient Orcas","0","0","0","0","0","0","0","0","0","0","0","0","0","0","0","0","0","0","0","0","0","0","0","0","0","0","0","0","0","0","0","0","0","0","0","0","0","0","0","0","0","0","0","0","0","0","0","0","0","0","0","0","0","0","0","0","0","0","0","0","0","0","0","0","0","0","0","0","0","0","0","0","0","0","0","0","0","0","0","0","0","0","0","0","0","0","0","0","0","0","0","0"
"72","Resident Orcas","0","0","0","0","0","0","0","0","0","0","0","0","0","0","0","0","0","0","0","0","0","0","0","0","0","0","0","0","0","0","0","0","0","0","0","0","0","0","0","0","0","0","0","0","0","0","0","0","0","0","0","0","0","0","0","0","0","0","0","0","0","0","0","0","0","0","0","0","0","0","0","0","0","0","0","0","0","0","0","0","0","0","0","0","0","0","0","0","0","0","0","0"
"73","Porpoises","0","0","0","0","0","0","0","0","0","0","0","0","0","0","0","0","0","0","0","0","0","0","0","0","0","0","0","0","0","0","0","0","0","0","0","0","0","0","0","0","0","0","0","0","0","0","0","0","0","0","0","0","0","0","0","0","0","0","0.0165414041871774","0","0","0","0","0","0","0","0","0","0","0","0.00480428607961939","0","0","0","0","0","0","0","0","0","0","0","0","0","0","0","0","0","0","0","0","0"
"74","Humpback whale","0","0","0","0","0","0","0","0","0","0","0","0","0","0","0","0","0","0","0","0","0","0","0","0","0","0","0","0","0","0","0","0","0","0","0","0","0","0","0","0","0","0","0","0","0","0","0","0","0","0","0","0","0","0","0","0","0","0","0","0","0","0","0","0","0","0","0","0","0","0","0.0238350318848383","0","0","0","0","0","0","0","0","0","0","0","0","0","0","0","0","0","0","0","0","0"
"75","Minke whale","0","0","0","0","0","0","0","0","0","0","0","0","0","0","0","0","0","0","0","0","0","0","0","0","0","0","0","0","0","0","0","0","0","0","0","0","0","0","0","0","0","0","0","0","0","0","0","0","0","0","0","0","0","0","0","0","0","0","0","0","0","0","0","0","0","0","0","0","0","0","0.00211669980049822","0","0","0","0","0","0","0","0","0","0","0","0","0","0","0","0","0","0","0","0","0"
"76","Fin whale","0","0","0","0","0","0","0","0","0","0","0","0","0","0","0","0","0","0","0","0","0","0","0","0","0","0","0","0","0","0","0","0","0","0","0","0","0","0","0","0","0","0","0","0","0","0","0","0","0","0","0","0","0","0","0","0","0","0","0","0","0","0","0","0","0","0","0","0","0","0","0.0234635645391566","0","0","0","0","0","0","0","0","0","0","0","0","0","0","0","0","0","0","0","0","0"
"77","Sperm whale","0","0","0","0","0","0","0","0","0","0","0","0","0","0","0","0","0","0","0","0","0","0","0","0","0","0","0","0","0","0","0","0","0","0","0","0","0","0","0","0","0","0","0","0","0","0","0","0","0","0","0","0","0","0","0","0","0","0","0","0","0","0","0","0","0","0","0","0","0","0","0.00116987682637022","0","0","0","0","0","0","0","0","0","0","0","0","0","0","0","0","0","0","0","0","0"
"78","Harbor seals","0","0","0","0","0","0","0","0","0","0","0","0","0","0","0","0","0","0","0","0","0","0","0","0","0","0","0","0","0","0","0","0","0","0","0","0","0","0","0","0","0","0","0","0","0","0","0","0","0","0","0","0","0","0","0","0","0","0","0.00303217094287666","0","0","0","0","0","0","0","0","0","0","0","0.0000361954697968279","0","0","0","0","0","0","0","0","0","0","0","0","0","0","0","0","0","0","0","0","0"
"79","Sea Lions","0","0","0","0","0","0","0","0","0","0","0","0","0","0","0","0","0","0","0","0","0","0","0","0","0","0","0","0","0","0","0","0","0","0","0","0","0","0","0","0","0","0","0","0","0","0","0","0","0","0","0","0","0","0","0","0","0","0","0.0171112129759623","0","0","0","0","0","0","0","0","0","0","0","0.0272724327364786","0","0","0","0","0","0","0","0","0","0","0","0","0","0","0","0","0","0","0","0","0"
"80","Juv. Ele. Seal","0","0","0","0","0","0","0","0","0","0","0","0","0","0","0","0","0","0","0","0","0","0","0","0","0","0","0","0","0","0","0","0","0","0","0","0","0","0","0","0","0","0","0","0","0","0","0","0","0","0","0","0","0","0","0","0","0","0","0","0","0","0","0","0","0","0","0","0","0","0","0","0","0","0","0","0","0","0","0","0","0","0","0","0","0","0","0","0","0","0","0","0"
"81","Adult N. Ele. Seal","0","0","0","0","0","0","0","0","0","0","0","0","0","0","0","0","0","0","0","0","0","0","0","0","0","0","0","0","0","0","0","0","0","0","0","0","0","0","0","0","0","0","0","0","0","0","0","0","0","0","0","0","0","0","0","0","0","0","0.0377273151829079","0","0","0","0","0","0","0","0","0","0","0","0.00378070618250639","0","0","0","0","0","0","0","0","0","0","0","0","0","0","0","0","0","0","0","0","0"
"82","Fur seals","0","0","0","0","0","0","0","0","0","0","0","0","0","0","0","0","0","0","0","0","0","0","0","0","0","0","0","0","0","0","0","0","0","0","0","0","0","0","0","0","0","0","0","0","0","0","0","0","0","0","0","0","0","0","0","0","0","0","0","0","0","0","0","0","0","0","0","0","0","0","0.0000319518447430307","0","0","0","0","0","0","0","0","0","0","0","0","0","0","0","0","0","0","0","0","0"
"83","Blue whale","0","0","0","0","0","0","0","0","0","0","0","0","0","0","0","0","0","0","0","0","0","0","0","0","0","0","0","0","0","0","0","0","0","0","0","0","0","0","0","0","0","0","0","0","0","0","0","0","0","0","0","0","0","0","0","0","0","0","0","0","0","0","0","0","0","0","0","0","0","0","0.0473697644090713","0","0","0","0","0","0","0","0","0","0","0","0","0","0","0","0","0","0","0","0","0"
"84","Gray whale","0","0","0","0","0","0","0","0","0","0","0","0","0","0","0","0","0","0","0","0","0","0","0","0","0","0","0","0","0","0","0","0","0","0","0","0","0","0","0","0","0","0","0","0","0","0","0","0","0","0","0","0","0","0","0","0","0","0","0","0","0","0","0","0","0","0","0","0","0","0","0.103993092448841","0","0","0","0","0","0","0","0","0","0","0","0","0","0","0","0","0","0","0","0","0"
"85","Dolphins","0","0","0","0","0","0","0","0","0","0","0","0","0","0","0","0","0","0","0","0","0","0","0","0","0","0","0","0","0","0","0","0","0","0","0","0","0","0","0","0","0","0","0","0","0","0","0","0","0","0","0","0","0","0","0","0","0","0","0","0","0","0","0","0","0","0","0","0","0","0","0.0238848430478724","0","0","0","0","0","0","0","0","0","0","0","0","0","0","0","0","0","0","0","0","0"
"86","Brandt's corm.","0","0","0","0","0","0","0","0","0","0","0","0","0","0","0","0","0","0","0","0","0","0","0","0","0","0","0","0","0","0","0","0","0","0","0","0","0","0","0","0","0","0","0","0","0","0","0","0","0","0","0","0","0","0","0","0","0","0","0","0","0","0","0","0","0","0","0","0","0","0","0","0","0","0","0","0","0","0","0","0","0","0","0","0","0","0","0","0","0","0","0","0"
"87","Double corm.","0","0","0","0","0","0","0","0","0","0","0","0","0","0","0","0","0","0","0","0","0","0","0","0","0","0","0","0","0","0","0","0","0","0","0","0","0","0","0","0","0","0","0","0","0","0","0","0","0","0","0","0","0","0","0","0","0","0","0","0","0","0","0","0","0","0","0","0","0","0","0","0","0","0","0","0","0","0","0","0","0","0","0","0","0","0","0","0","0","0","0","0"
"88","Pelagic cormorant","0","0","0","0","0","0","0","0","0","0","0","0","0","0","0","0","0","0","0","0","0","0","0","0","0","0","0","0","0","0","0","0","0","0","0","0","0","0","0","0","0","0","0","0","0","0","0","0","0","0","0","0","0","0","0","0","0","0","0","0","0","0","0","0","0","0","0","0","0","0","0","0","0","0","0","0","0","0","0","0","0","0","0","0","0","0","0","0","0","0","0","0"
"89","Murrelet","0","0","0","0","0","0","0","0","0","0","0","0","0","0","0","0","0","0","0","0","0","0","0","0","0","0","0","0","0","0","0","0","0","0","0","0","0","0","0","0","0","0","0","0","0","0","0","0","0","0","0","0","0","0","0","0","0","0","0","0","0","0","0","0","0","0","0","0","0","0","0","0","0","0","0","0","0","0","0","0","0","0","0","0","0","0","0","0","0","0","0","0"
"90","Pigeon Guillemot","0","0","0","0","0","0","0","0","0","0","0","0","0","0","0","0","0","0","0","0","0","0","0","0","0","0","0","0","0","0","0","0","0","0","0","0","0","0","0","0","0","0","0","0","0","0","0","0","0","0","0","0","0","0","0","0","0","0","0","0","0","0","0","0","0","0","0","0","0","0","0","0","0","0","0","0","0","0","0","0","0","0","0","0","0","0","0","0","0","0","0","0"
"91","Caspian tern","0","0","0","0","0","0","0","0","0","0","0","0","0","0","0","0","0","0","0","0","0","0","0","0","0","0","0","0","0","0","0","0","0","0","0","0","0","0","0","0","0","0","0","0","0","0","0","0","0","0","0","0","0","0","0","0","0","0","0","0","0","0","0","0","0","0","0","0","0","0","0","0","0","0","0","0","0","0","0","0","0","0","0","0","0","0","0","0","0","0","0","0"
"92","Brown Pelican","0","0","0","0","0","0","0","0","0","0","0","0","0","0","0","0","0","0","0","0","0","0","0","0","0","0","0","0","0","0","0","0","0","0","0","0","0","0","0","0","0","0","0","0","0","0","0","0","0","0","0","0","0","0","0","0","0","0","0","0","0","0","0","0","0","0","0","0","0","0","0","0","0","0","0","0","0","0","0","0","0","0","0","0","0","0","0","0","0","0","0","0"
"93","Detritus","0","1","0.76231181517082","0.574625030122058","0.221021497188096","0","0","0","0.215256370750343","0","0.354443142788372","0.152380339672526","0.00235631504059646","0.0933570906980399","0","0.0165617154444603","0","0","0","0","0","0","0","0","0","0","0","0","0","0","0","0","0","0","0","0","0","0","0","0","0.0146849191507503","0","0","0","0.043727336579197","0","0","0.164207559276576","0.00585106527158806","0","0","0","0","0","0","0.0223773578667138","0","0","0","0","0","0","0","0","0","0","0","0","0","0","0","0","0","0","0","0","0","0","0","0","0","0","0","0","0","0","0","0","0","0","0","0"
"94","Import","0","0","0","0","0","0","0","0","0","0","0","0","0.0259691714503627","0","0","0","0.0432724316635745","0","0","0.000787798405310363","0.00695909765104994","0.0235870085567122","0","0.0106338904380949","0.0693258685859365","0.0380060823158943","0.11989687053261","0","0","0","0","0","0.011521993419295","0.037139557213037","0","0","0","0","0","0","0.183138506758072","0","0.00195900377969827","0.0141748459665507","0.039358175685888","0.765865552669709","0.00842443994804576","0","0.0063047879929704","0.000213833362358222","0","0","0.0253968470039046","0","0.0569181610275337","0","0","0.0250860665089637","0.126912230998935","0.0113280880113446","0.177123464620797","0.0219080276394729","0.00346077608774561","0.422041240890199","0.0257581413738875","0.525948478551422","0.816335866399664","0.49838378727593","0.461864293534345","0","0.737239651067388","0.376278235945795","0.0613916334496653","0.492517946206957","0.0615941923209088","0","0","0.0509236950880832","0.0556836137743189","0.364818624446405","0.638780477793458","0.455497241535858","0.487852798574472","0.283962772508399","0.19418796386956","0.145534879889926","0.317611901393757","0.157603623962537","0.0497205955911603","0.196425065350022","0.0683461994383707","0.0153246818723933"
